accX,accY,accZ,gX,gY,gZ
-2732,15652,-4132,-506,-141,-119
-2208,15556,-4088,-508,-108,-141
-2448,15656,-3916,-538,-92,-387
-2188,15764,-4036,-563,-33,-424
-2560,15800,-3696,-522,466,-430
-2532,15536,-3984,-572,510,-287
-2832,15580,-3960,-605,930,-192
-3012,15644,-3948,-635,787,-89
-2960,15760,-3480,-662,746,-352
-3364,15556,-3780,-517,633,-228
-3400,15716,-4092,-664,333,-156
-3184,15656,-3832,-652,290,-188
-3420,15760,-3816,-657,266,-169
-3232,15688,-3676,-614,68,-113
-3172,15616,-3716,-592,-127,-217
-3068,15528,-3888,-739,-311,-243
-3252,15528,-3696,-818,-629,-225
-2828,15528,-3960,-664,-143,-272
-2776,15608,-3648,-558,21,-173
-2868,15568,-3836,-353,86,-88
-1544,15532,-3792,-335,633,279
-3056,16048,-3888,-423,664,-346
-2476,15776,-3712,-495,616,-162
-2832,15668,-3620,-328,966,-163
-1780,15620,-3308,-192,1004,-262
-2792,15628,-3856,-292,904,-134
-3100,15648,-3884,-381,834,-178
-3276,15800,-3924,-308,839,-129
-3228,15636,-3860,-288,760,-87
-3132,15580,-4032,-275,505,-134
-3004,15732,-3944,-340,203,-86
-2844,15720,-3996,-466,39,-78
-2960,15540,-3724,-505,55,-231
-2800,15616,-3708,-300,104,-61
-2912,15716,-3704,-334,202,-90
-3032,15764,-3984,-447,-144,-168
-2664,15632,-3528,-554,-186,-245
-2684,15448,-3428,-377,70,-274
-2824,15580,-3496,-116,66,-174
-2772,15624,-3748,0,205,-47
-2864,15676,-4012,-86,339,72
-2680,15736,-4052,-315,163,-117
-2992,15680,-3824,-247,263,-177
-2948,15596,-3776,-184,232,-164
-2764,15928,-3376,-244,397,-244
-2384,15672,-3180,26,740,45
-3244,15516,-4104,-89,420,168
-3452,15704,-4072,-266,226,-107
-3068,15588,-3892,-294,553,-154
-2844,15632,-3700,-290,1382,121
-3612,15020,-3648,327,1478,157
-4180,15152,-3480,954,200,300
-4040,14864,-4768,2367,6,-169
-4436,16380,-6124,947,-2051,-910
-4432,15760,-6864,926,-4085,-1635
-2964,16148,-5400,1463,-4242,-2724
-4100,15232,-6440,1995,-3287,-2366
-3780,14704,-7992,2791,-3277,-2032
-4760,13928,-8588,3542,-4182,-2217
-5232,14164,-9860,4481,-4920,-3126
-5316,14604,-11228,4934,-5387,-4045
-6116,14444,-11020,5878,-6490,-4781
-5880,14844,-9596,7715,-6648,-5352
-6840,14916,-9812,9639,-5645,-5856
-7820,15168,-11500,11153,-5773,-6099
-8636,15572,-11612,12339,-7453,-6639
-9128,16004,-10780,14079,-9056,-7828
-8384,16436,-11656,15793,-8782,-9055
-7972,17372,-14048,16597,-8457,-10285
-8540,17156,-12760,16801,-7404,-11234
-10808,17136,-11996,17660,-6022,-11890
-8864,16136,-12004,18538,-5229,-12396
-10612,15368,-12504,19069,-5297,-13281
-11148,15608,-14112,18626,-5590,-13280
-12248,14772,-13020,18087,-7206,-13396
-12888,13096,-10952,18092,-8418,-14091
-9036,11100,-8392,18519,-8048,-15498
-9004,9328,-8916,19725,-6619,-16120
-11104,9588,-10152,19086,-5843,-17189
-10100,7568,-9556,17792,-6023,-17133
-9872,5744,-7732,17318,-6530,-16768
-9520,6416,-8404,16697,-3976,-15837
-9304,5380,-7952,15124,-3804,-15221
-9996,4764,-6412,13476,-4906,-14050
-10156,4608,-6332,11820,-6936,-12279
-9348,3868,-6144,10971,-7065,-10842
-7824,3328,-5664,9458,-4965,-8350
-8052,2768,-5692,8202,-2907,-6184
-7912,2384,-5624,7037,-2045,-4482
-8080,1956,-5336,5819,-2077,-2431
-6376,2072,-6264,3916,-1270,-1198
-6468,1952,-6512,1986,-431,26
-6676,1692,-5544,430,-196,1587
-6500,880,-4184,-802,494,3014
-6676,844,-4816,-2187,2246,4625
-8532,1540,-6456,-3840,3714,6041
-9576,3016,-7504,-5718,4298,7968
-11004,3840,-6872,-7354,3360,9327
-9808,3280,-5536,-8829,3995,10582
-10040,4444,-6308,-10164,6625,11906
-12416,5816,-8100,-11336,5619,12558
-11672,7080,-8208,-13075,2049,12458
-10864,5816,-7412,-14229,3774,13526
-10664,6784,-8456,-14596,8079,15403
-11756,9120,-10404,-16219,7667,14649
-12812,10184,-9532,-17912,3782,13698
-10928,10332,-8348,-18348,3642,13585
-11372,12304,-10124,-18178,5888,13765
-11852,13844,-11576,-19184,7099,12990
-12356,13384,-9500,-19784,6719,13152
-11388,15016,-10748,-19890,7191,12985
-10628,16592,-12176,-21393,6619,11047
-10988,16388,-11204,-22512,6428,10449
-10900,18688,-11556,-23213,7549,9697
-9552,19772,-11108,-22751,12307,8234
-9860,19692,-9640,-22555,14662,6173
-10628,21164,-11996,-22437,13326,4446
-12420,22092,-12140,-22505,9059,2707
-10080,23444,-11724,-23159,7045,309
-8024,22268,-10168,-22553,10635,-2103
-9412,21024,-9148,-21174,12822,-4551
-10404,20700,-9780,-20213,11150,-6304
-10176,19888,-10584,-19583,8575,-7724
-9896,18440,-10488,-19220,6123,-8617
-8880,17492,-10052,-19287,4324,-9607
-8600,14384,-7660,-18565,2993,-10243
-8096,12696,-7592,-17320,2962,-10473
-8808,10668,-7708,-15813,2306,-10483
-7656,8532,-6760,-14719,449,-10646
-6996,6324,-5840,-13387,-408,-9719
-6436,5260,-5964,-11976,-261,-8585
-6660,4892,-5760,-10698,219,-7269
-6976,4000,-4056,-9216,-225,-6458
-7160,3936,-3096,-6844,-479,-5517
-6004,3508,-3320,-4548,917,-4453
-6136,3456,-4464,-2540,1961,-3120
-6632,2860,-4192,-945,2519,-1998
-7276,2952,-3884,738,1911,-716
-6648,3528,-3896,2675,2310,262
-7808,4204,-4008,4328,3240,1495
-8328,4772,-4416,5463,3698,2177
-9816,5956,-3672,6233,1251,2265
-8760,5096,-3580,9241,2946,3042
-9236,6612,-4000,10760,2725,4250
-9096,6788,-4852,11802,1574,2983
-8800,7832,-4500,12919,3386,2446
-11572,8460,-6864,13698,5555,2849
-12572,10304,-8364,14041,5455,3326
-13888,11544,-7684,14752,4501,3678
-13648,11460,-5816,16208,3378,2964
-14416,12160,-7904,18624,1943,3165
-16520,13944,-11036,19743,381,3433
-17412,15160,-11052,20137,-1770,3299
-15776,15604,-8484,22491,-2607,2316
-17180,16016,-10080,25581,-3929,1581
-16344,16748,-14444,25705,-8208,-752
-17032,14720,-13964,25291,-11034,-1334
-16064,14032,-11940,25939,-11887,-2965
-15764,14568,-13020,26687,-12539,-4353
-15336,14620,-15604,26128,-10339,-6310
-15664,15128,-17100,24378,-9355,-7745
-16240,15236,-15776,22472,-8310,-9166
-13504,14464,-12092,21961,-8670,-11391
-14048,12976,-11856,22488,-7618,-13032
-13448,11676,-12768,22302,-5710,-13797
-14444,11272,-13576,20798,-4753,-14182
-15532,10824,-13928,18006,-4592,-14238
-12696,9232,-9608,15423,-6277,-15071
-11236,7840,-6480,14792,-6483,-15932
-11560,6580,-7056,14540,-5064,-15527
-11732,5776,-7016,13442,-4783,-14999
-11288,5400,-6080,12240,-5984,-13701
-9912,5288,-4452,11165,-7203,-12700
-9316,3772,-4904,9354,-8155,-11452
-8172,2396,-4244,8063,-6388,-9704
-7856,2648,-3712,7092,-4446,-7525
-8420,2128,-3288,5662,-2630,-5266
-8832,1204,-2768,4389,-2053,-2969
-7388,1224,-2436,2841,-1142,-1064
-6660,1188,-2316,1349,845,61
-7744,1292,-3200,-210,2810,1726
-8576,644,-3436,-1686,3626,3614
-9316,1176,-4312,-3866,3555,5013
-9336,2452,-5604,-6536,4813,6811
-11064,3004,-6212,-9004,5579,8827
-12748,1388,-6368,-11090,5566,11602
-12072,3000,-6340,-13438,3802,12542
-11236,3952,-4740,-15603,2985,12716
-10328,3656,-3760,-16168,4955,13792
-12176,3652,-5620,-16168,6818,15314
-14584,5404,-8736,-16941,7279,18043
-14616,7504,-9976,-19567,3820,17554
-11872,6108,-7064,-19805,3539,19078
-9796,7472,-7216,-18684,7513,20233
-10784,11348,-10500,-19812,7889,18098
-11476,11144,-10424,-19980,9405,18135
-11328,11792,-8568,-19643,10672,17634
-10656,14300,-10476,-19736,12645,16424
-11216,16668,-13080,-20663,12815,14906
-11068,17668,-13544,-22246,13015,13044
-10472,17780,-11800,-22815,14173,10931
-11000,19812,-12552,-22266,16610,8721
-12532,19780,-13204,-22146,14775,6724
-12856,20188,-12956,-22741,11362,3991
-12052,20644,-12208,-23161,9950,2317
-8540,19444,-11520,-22548,10841,-237
-9668,19092,-10160,-21307,13555,-1937
-10728,18332,-9324,-19695,12353,-4638
-10376,17928,-9884,-18014,11489,-5931
-11048,16328,-10388,-16676,10164,-6846
-10464,14044,-9140,-15395,8213,-7774
-9836,12148,-8724,-14123,7105,-8110
-9868,10560,-8988,-12927,5695,-8274
-9856,9352,-9188,-12366,4525,-8355
-10384,8672,-8540,-11852,2419,-8090
-9848,7268,-8168,-11214,409,-7877
-6840,6040,-7332,-10480,220,-7146
-7044,4840,-5408,-8256,687,-6580
-6476,4900,-6224,-6536,292,-6173
-5608,3844,-4892,-4949,1233,-5018
-5904,3384,-4840,-2890,2355,-3781
-6512,4032,-4952,-664,3255,-2279
-7656,4520,-5436,1457,3575,-1038
-8128,5492,-6808,2944,2795,485
-7236,6176,-7208,3681,2716,1329
-6984,6272,-6556,4259,3001,2081
-8172,6912,-6384,4806,3348,2021
-10452,7640,-6732,5661,2507,3100
-9724,7920,-5968,6387,1578,3383
-9340,8460,-6484,8351,2809,4290
-8692,8120,-6296,9817,4894,4189
-10244,9872,-8200,10991,6065,6412
-11412,12052,-10160,11071,4285,6210
-12732,14272,-10800,11176,890,5963
-12828,14928,-9456,12470,-394,6077
-12744,15036,-9912,14210,-3071,6100
-13076,16912,-13164,15301,-4588,5541
-13764,17184,-12708,16235,-6936,4866
-12980,17684,-12112,18033,-9034,4225
-13052,18284,-12536,20239,-10660,3248
-12164,18464,-13844,21992,-11477,1432
-11464,17600,-15288,22639,-11272,-232
-11240,17488,-16732,21994,-10073,-1740
-10460,17912,-17636,19691,-10826,-3709
-9292,17960,-14380,17550,-10779,-6727
-12132,13380,-5172,21761,-12670,-6207
-11716,14396,-9936,25993,-11110,-6797
-11744,14232,-14820,25217,-11544,-8409
-14048,13592,-12692,24070,-13348,-9364
-14200,12996,-11752,22077,-16005,-9924
-10688,10844,-9328,21490,-13426,-12269
-12092,9716,-7928,22009,-10753,-13390
-12408,9668,-9720,22011,-9389,-13000
-10832,8328,-9492,18953,-10163,-13539
-10880,6656,-7484,16475,-7782,-14100
-11068,5232,-4956,16170,-4090,-13823
-12452,5472,-4864,15577,-6038,-12784
-10576,5344,-5184,14268,-8604,-11940
-10800,4444,-5432,12603,-9738,-10752
-10836,3504,-5660,10417,-10647,-9767
-10540,3184,-5100,8494,-11271,-9197
-9088,2468,-3484,6925,-9507,-6884
-8152,1664,-3168,5805,-7139,-5021
-7836,1220,-3748,4425,-5013,-2739
-6560,1440,-4848,1163,-4145,-1204
-6928,896,-3276,-229,-2795,-888
-5064,224,-2484,-669,261,1487
-6900,856,-2784,-1155,5637,4105
-7108,1284,-4184,-2171,9578,7762
-9100,2940,-6480,-4353,9183,8743
-9228,3540,-7132,-7457,6323,8889
-11064,3516,-5756,-9452,7322,10503
-10348,2484,-4428,-11182,9640,13823
-9400,3932,-5212,-13138,13666,14844
-12740,5688,-5896,-15357,16182,15642
-15324,6188,-4916,-15989,14153,16925
-12732,5892,-3688,-16371,13358,19401
-10040,6692,-6344,-16964,13644,20174
-11828,11148,-10900,-19262,13868,19636
-10532,12168,-9840,-21103,13233,19560
-8116,11532,-6536,-20795,13896,17764
-6696,13396,-8540,-20483,16097,15300
-8588,16532,-12248,-21081,18387,13965
-11020,17832,-12488,-21847,18322,12717
-6864,18084,-12108,-23022,16980,10271
-3920,18692,-12416,-23281,19209,7393
-1992,18392,-13228,-23514,19812,5096
-4584,22208,-15644,-24885,22232,3260
-5208,22664,-13336,-24597,19613,1528
-5164,22556,-11352,-23063,15004,-563
-2224,23520,-14376,-22516,15230,-691
-3900,24276,-16800,-22515,19737,-1974
-5428,24660,-15084,-21432,18307,-3909
-6560,22572,-11524,-19136,17008,-5706
-6596,21996,-12416,-16553,16367,-7753
-7684,20096,-13628,-14859,17200,-9657
-11540,14988,-10080,-11215,16873,-11477
-11248,15028,-14908,-10894,13794,-9880
-11676,11888,-15152,-4440,16433,-9345
1536,31912,17152,5208,19757,8575
-16760,18388,-12528,-28367,20299,-32768
-27420,-16988,-14996,-3213,-336,-20788
2432,2788,-6300,-5926,8177,-7610
-15120,-2912,-12268,547,6708,-12670
-4548,8940,-6336,2061,-947,-8735
-8472,4908,-12416,2290,-8101,-5071
-3464,6052,-12036,1608,-2717,-6046
-8276,6944,-8584,2524,-5513,-5306
-7432,6628,-6132,2307,-5200,-2455
-9072,5868,-6804,4188,-4665,-4173
-6508,6864,-6808,4104,-3678,706
-4724,5820,-5136,4775,-3506,800
-6452,8008,-7708,4583,-2992,2912
-6676,8828,-8136,3851,-2953,3368
-6100,7188,-5344,4091,-2841,4429
-6080,7832,-4592,4880,-1688,4749
-5908,7836,-7996,4507,-168,5793
-6940,11564,-10916,2884,80,6749
-11344,11400,-10584,1770,-2042,9005
-11148,11628,-6524,1868,-7319,10355
-7840,11624,-7268,3907,-7086,10573
-7784,13252,-10992,5164,-6276,11240
-12264,15320,-13836,5138,-10813,11758
-11296,16896,-13496,5846,-15419,11090
-7476,19016,-12536,8796,-14799,9357
-6616,18916,-13364,11984,-12412,8098
-8740,19844,-13544,14304,-13676,6658
-6800,19204,-13756,16700,-15901,4767
-5036,17996,-13812,19205,-15310,2096
-8564,17384,-15116,20638,-15275,1041
-10416,17192,-15308,21380,-17533,-716
-6920,17088,-14316,21786,-17567,-3202
-7312,15816,-15812,22493,-14536,-5268
-6800,16780,-17028,21606,-13282,-7923
-10308,16152,-12896,22068,-13365,-10083
-10420,13920,-10280,23846,-11970,-11439
-13180,13248,-13840,24651,-10499,-11322
-14544,12860,-16376,23225,-11546,-11413
-14092,13028,-13464,21063,-13896,-11505
-12564,11808,-9956,20687,-14331,-11069
-10508,10128,-8800,21478,-12398,-12163
-12044,9616,-5344,22002,-13453,-14235
-8212,9612,-8804,19629,-15307,-14808
-9960,8048,-10720,18398,-11201,-14210
-11752,7936,-11216,14604,-9630,-13141
-12296,7624,-7544,11835,-10442,-11661
-9680,7860,-4508,10320,-13209,-10446
-5976,6108,-3252,9602,-11810,-10316
-6116,5808,-4864,8752,-6906,-8408
-6728,4860,-4796,7703,-3872,-6830
-8388,5268,-4268,6042,-4088,-4214
-5732,4408,-3188,4723,-3870,-2343
-4988,4044,-3708,3500,-2258,-991
-4440,3880,-4140,1806,158,922
-4744,3896,-3968,103,1595,2499
-5488,4260,-3596,-1756,2575,4219
-5588,4276,-3808,-3256,4657,5823
-7744,4748,-4980,-4928,7251,7584
-8408,5516,-5416,-7495,9358,9419
-9700,6244,-5748,-10197,9844,10862
-10328,6928,-5012,-11578,9873,11797
-10360,7940,-4660,-12674,10161,13067
-10240,8412,-6192,-14128,10602,13301
-11776,9896,-7876,-15912,11649,14296
-13268,10780,-8328,-17332,12315,15554
-14752,12164,-8520,-18722,11258,16088
-12744,12992,-9520,-20208,9655,16286
-11520,14992,-12996,-22220,10279,14988
-13828,14728,-12460,-23786,10496,14347
-14148,14652,-10044,-23887,10712,14311
-14000,15552,-11508,-23012,10894,14170
-13732,17344,-13644,-22413,11677,13222
-14776,17848,-14376,-22607,10054,11784
-13104,18112,-14236,-23518,5983,9532
-10340,18552,-13400,-23615,4828,7223
-10812,18852,-13444,-23333,8535,4903
-11212,18540,-11912,-22254,9741,2840
-11576,18724,-11196,-20709,8314,1393
-10480,18208,-11344,-18951,7643,-737
-8680,15940,-11976,-17356,9658,-3284
-13724,15252,-11880,-15554,11908,-6086
-12692,13320,-10772,-14037,9940,-6489
-11988,12212,-9512,-12222,5584,-7148
-7208,11540,-7388,-10492,4722,-8478
-7320,9616,-7416,-8473,5627,-8657
-8240,9092,-8928,-7517,5595,-9045
-8176,8192,-8440,-7458,3996,-9141
-8296,7292,-6964,-7016,3187,-8707
-8372,6896,-5924,-6943,1579,-7655
-7552,6208,-4656,-6506,1008,-6679
-7684,5524,-4124,-5288,967,-5128
-6872,5300,-3024,-3751,1135,-3601
-7672,4680,-3220,-1875,719,-2033
-7916,5492,-4864,-622,241,-284
-8028,6136,-5760,29,-698,1404
-8520,6968,-5740,479,-3316,2861
-6604,6716,-4916,1812,-3056,3431
-5316,6704,-4228,3377,-1107,4605
-6568,7128,-5424,5318,1860,5495
-9800,8396,-7540,6319,971,6947
-8700,8876,-7356,6861,-1800,7034
-7980,8616,-7344,7276,-2957,7207
-8784,10512,-7652,8041,-1174,7564
-10936,12588,-8944,8745,-2347,7879
-11456,14808,-8592,8765,-3790,7511
-12256,16460,-7308,10239,-5016,6935
-11772,18464,-8184,12706,-4703,5161
-12236,19628,-9776,14587,-5150,3509
-10876,19284,-9528,16265,-6449,1817
-11048,18496,-9440,18492,-8067,832
-9928,17416,-9992,20116,-8450,-623
-10168,16800,-11064,20912,-9270,-2024
-10844,15932,-11672,21190,-9609,-3455
-11304,15356,-10216,21599,-9504,-4419
-12204,16032,-10820,21933,-11012,-5602
-10344,16248,-12072,21459,-10841,-8102
-9592,15584,-13308,20709,-7414,-9795
-11120,14340,-11592,20117,-5851,-11033
-13320,14592,-9028,20508,-5961,-11996
-15784,14752,-8428,21052,-8945,-12643
-13160,13720,-10060,20171,-9270,-13651
-12876,12344,-10948,18561,-6760,-13891
-12904,10604,-10432,16905,-6878,-14329
-12068,8960,-9000,14799,-7366,-14937
-12164,8544,-8288,13399,-7018,-13679
-12200,8700,-8104,10954,-8922,-12756
-11468,7840,-6824,9236,-10082,-12060
-10456,6656,-5212,8440,-10907,-10996
-8836,5720,-4416,7604,-11212,-9763
-6980,5384,-3724,6948,-9622,-8459
-6848,5308,-3836,6266,-7610,-7127
-6680,5296,-4104,5371,-6011,-5417
-6824,4640,-3692,4390,-5187,-3545
-6800,4280,-3620,3091,-4751,-929
-6044,3992,-4084,1606,-2743,1754
-6124,4776,-4580,-60,-941,4238
-6848,5116,-5536,-2070,81,6372
-7460,5656,-4984,-3953,1111,8646
-6012,4732,-3040,-5454,2370,10806
-5768,6004,-3436,-6661,6468,12461
-7684,7040,-4128,-7548,9885,13563
-10492,8144,-6276,-9266,9953,15409
-10296,9060,-6068,-11618,9738,17082
-9024,10000,-6088,-13755,11106,17823
-9340,11916,-6332,-15155,13108,16784
-11420,13052,-7180,-16276,14068,17285
-11208,13384,-9192,-17643,10836,16743
-11976,16428,-12252,-19703,9677,16321
-11704,16740,-10940,-19877,13950,17051
-13556,19240,-10592,-20220,15082,15577
-13928,20204,-11108,-20401,12725,13503
-13904,21520,-12284,-20608,10293,11154
-12176,21136,-11628,-20737,11148,8745
-12368,19328,-8952,-19330,12154,6885
-11368,18572,-10244,-17864,12092,4500
-11616,18528,-11292,-17294,11755,1835
-12412,17068,-11128,-17090,11782,-77
-13728,15448,-11188,-16513,9698,-2291
-10716,14116,-10952,-16047,9015,-5109
-12560,14196,-10676,-16046,9175,-7073
-11648,13444,-8480,-14419,7478,-8870
-9980,12772,-8124,-12627,4871,-9733
-8456,12248,-9036,-11191,3151,-10627
-8600,11392,-9396,-10346,2402,-11377
-9356,10016,-8808,-9705,1983,-11531
-7964,9392,-8700,-9403,1282,-11193
-8176,8152,-7640,-8385,1211,-10803
-7988,7884,-7644,-7364,875,-10068
-7520,6684,-6632,-6412,234,-9125
-6764,6324,-6148,-5442,452,-7792
-7172,6028,-5952,-4696,1232,-6133
-7976,5924,-5756,-3115,1566,-4423
-8196,5512,-5436,-1716,676,-2662
-7244,5552,-5544,-410,203,-1157
-7204,6068,-5076,899,1020,438
-8684,6972,-6196,2152,385,2504
-9020,7104,-5740,3308,-647,3522
-8460,6944,-4676,4907,-951,4407
-7940,7184,-5188,6433,1077,5336
-9600,8264,-8084,7271,2062,6112
-10868,10052,-9488,6872,-573,6711
-11212,11488,-7952,7091,-2654,6622
-10344,12292,-7196,8632,-2585,6724
-12876,14560,-8992,10224,-1970,6371
-12840,15340,-9352,10935,-3355,5511
-11916,14732,-6804,13508,-3243,3854
-12608,13384,-6572,16264,-2724,3513
-13112,13572,-8724,18094,-3088,2375
-15120,14132,-10640,18812,-5992,1370
-13632,13796,-9820,19378,-7285,-728
-14532,13524,-9480,20694,-8174,-626
-14088,14572,-11184,21442,-8899,-2505
-13516,14996,-11904,21354,-9597,-4007
-12780,14028,-11412,21262,-8690,-5618
-13928,14480,-11788,20857,-9572,-6740
-12352,14560,-10940,20392,-9182,-9302
-13040,14068,-11436,19867,-8291,-10632
-13556,12804,-11212,18429,-7700,-11832
-15084,13496,-8108,17980,-10057,-12403
-14012,12192,-7340,17701,-13271,-13640
-10556,10820,-7740,16988,-9340,-14381
-12492,10328,-8068,15787,-6157,-14807
-12544,9768,-7952,13689,-7387,-14986
-12848,8328,-6656,11711,-9066,-14182
-11232,7356,-5324,10012,-10252,-13297
-11348,7792,-5792,8237,-8960,-12497
-10344,6476,-4516,6656,-8214,-11829
-9800,5884,-3932,5449,-7484,-9849
-9248,5552,-3912,4222,-6786,-8196
-8576,4948,-4104,2992,-5281,-6384
-7764,4916,-3880,1727,-2423,-4477
-8400,4188,-2972,894,-1224,-1991
-8276,3784,-2876,311,-1841,53
-7308,3996,-4140,-1454,-1571,2164
-7348,3948,-5012,-3113,364,4178
-7840,4308,-5100,-5160,2067,6354
-8864,5040,-3940,-6165,3725,8844
-8296,5384,-4540,-7074,3209,10472
-8636,7612,-4692,-9189,3780,10587
-10252,8056,-5756,-11058,3978,11162
-11780,8488,-4088,-12318,3168,12421
-12780,9168,-2820,-12043,5067,14406
-11204,10080,-4164,-12547,7036,14941
-13768,10948,-5928,-13606,7266,15505
-13272,12380,-6996,-16015,5337,15603
-11708,11760,-5672,-17131,8520,16286
-11320,13100,-5884,-17632,14393,15981
-16284,14984,-8672,-18787,15484,15716
-17280,15456,-8952,-20373,9431,14891
-13784,15828,-8580,-21339,6554,13380
-12132,16472,-8576,-20887,12088,12209
-15724,17552,-10340,-21380,11818,10706
-16980,18572,-10868,-21798,7331,8678
-14708,18376,-10084,-21482,6763,6645
-14688,18096,-8548,-20357,9686,4543
-15520,17448,-9792,-19829,8083,2118
-13124,16500,-10492,-19148,6832,-418
-13904,15156,-9944,-18940,7665,-3476
-11412,13012,-8608,-17487,8784,-5129
-13508,11392,-9676,-14959,8700,-7020
-11136,10812,-8908,-13695,7017,-8488
-11704,8836,-8312,-12155,6393,-9190
-10564,8096,-9108,-11161,4773,-10035
-10476,7496,-8788,-10723,4069,-10590
-10900,6564,-7296,-10039,3279,-10468
-9608,5832,-5364,-8831,1883,-10221
-8276,5316,-4548,-7738,2785,-9434
-8416,4988,-4496,-6753,3286,-8110
-7904,4736,-4188,-6381,3558,-6560
-8204,3440,-1792,-4809,3227,-4705
-8196,3460,-1152,-2511,2489,-2441
-8800,4804,-2776,-1046,2508,346
-9752,5420,-4236,-347,612,2493
-8988,4756,-3300,604,-1861,4161
-7816,4616,-1788,2016,-3126,6089
-6088,4804,-2260,3109,-2345,7906
-8772,6224,-5216,4281,721,10044
-9228,7180,-5888,4804,-153,10301
-9800,8764,-5332,4550,-1341,10515
-8208,8856,-5000,5202,1279,11559
-8480,10956,-6388,6687,6741,11788
-12852,14912,-6656,7997,7669,11022
-16780,17392,-7100,9604,-93,9704
-13428,18196,-8160,11552,-3135,7108
-13748,18444,-10148,13096,-2404,5496
-15300,17560,-8628,15057,-3797,3289
-14064,16024,-7248,18266,-5739,1539
-12116,14832,-9224,21016,-6758,37
-13340,14044,-10476,22333,-5820,-1615
-13568,14536,-12516,22948,-4471,-3721
-12636,14132,-11700,23543,-4618,-5615
-12972,14228,-11564,24126,-5693,-7406
-12328,14564,-12820,23950,-6123,-9345
-10316,15276,-14404,22589,-5887,-13304
-11984,13832,-11852,21556,-2021,-15132
-15828,11128,-8916,23073,-383,-13982
-17784,11928,-11012,23366,-1687,-13980
-15836,11784,-12336,22075,-3968,-15069
-14256,10324,-12064,21022,-2430,-14706
-13608,8872,-10576,20059,-1499,-14227
-14640,8028,-9932,18657,-2981,-13840
-13680,6288,-7844,16774,-6794,-12684
-11644,6268,-6484,15657,-8499,-12355
-8784,5232,-5820,15292,-7397,-12813
-10508,5096,-6788,14389,-5641,-11992
-11096,4940,-7036,12056,-5802,-10488
-10800,4772,-6864,9931,-6498,-7749
-10632,4560,-7564,7145,-7678,-5074
-6408,4276,-6172,5203,-9352,-5140
-5400,4220,-5124,3403,-7455,-4242
-5992,3576,-4752,2008,-2789,-1506
-7384,4124,-5612,168,-499,1007
-7448,3980,-5700,-1308,86,3021
-7592,4608,-6020,-3075,1102,4595
-7620,4816,-6288,-5217,1880,6075
-7512,4408,-5548,-6920,3445,7865
-8316,4388,-4948,-8166,6675,10329
-8832,5184,-6336,-9788,6735,11393
-11892,6340,-6524,-12192,3631,11611
-11392,6008,-5144,-13563,2599,13207
-10196,6576,-5064,-14132,5449,14829
-10252,8488,-8396,-15966,9470,15698
-12916,8696,-8492,-17049,11604,17111
-14080,10804,-8396,-18734,11209,17654
-12716,11936,-9276,-20333,10108,16858
-13520,14688,-11068,-22141,9445,15182
-14776,15256,-10884,-23312,9614,15632
-14188,16164,-9808,-23371,8901,14267
-14304,17004,-9504,-23293,7229,12827
-14108,18244,-11716,-22676,6241,11650
-13720,19228,-12584,-22102,6856,10032
-15344,17888,-11480,-21407,4784,8208
-12780,17660,-12428,-21369,4071,6181
-11848,17376,-11388,-20892,8247,4076
-14672,17928,-11472,-20178,8824,1821
-14092,18268,-11212,-19723,5071,-1027
-10956,17780,-11708,-19187,3854,-3831
-9132,16896,-11468,-17967,5524,-7314
-10328,15924,-10328,-16643,4878,-8235
-9780,14300,-9932,-14611,4676,-10708
-8308,12728,-10248,-13147,3468,-12268
-8164,10420,-9480,-11735,2918,-13306
-7968,9016,-9372,-10615,2053,-13877
-9100,8260,-9468,-9522,202,-13527
-9832,6112,-8380,-10120,-10012,-11685
-8260,5640,-9132,-10215,-6733,-10286
-6156,5240,-6036,-9654,-6714,-8766
-5468,3936,-4164,-7986,-4831,-8177
-5304,4096,-3192,-5686,-2107,-6598
-4616,3984,-2916,-3085,821,-5312
-6312,3904,-3444,-1230,1859,-3669
-6080,3728,-2956,658,3608,-1891
-7752,3460,-3272,2682,5604,546
-9012,3984,-5212,4065,5792,3848
-9748,4748,-6340,4688,3854,5124
-8424,5728,-5500,5156,1027,6184
-6416,5312,-4400,5797,2148,6854
-4928,5428,-4752,6329,6121,7057
-10628,6920,-7864,6587,7849,7140
-12472,9644,-7812,5540,5431,7515
-11524,10116,-4496,6634,5301,7892
-11748,11516,-5212,9245,8174,7904
-15320,13776,-8284,11048,7719,7642
-17292,15488,-9372,11528,5856,6892
-19792,17200,-8884,13162,891,6419
-17472,16988,-8660,14857,-1742,5282
-18216,17344,-8960,16997,-2717,3802
-17052,15908,-9340,18764,-4694,2685
-14784,14584,-8972,20349,-6915,1117
-13124,14812,-9788,21839,-8261,-963
-13796,15276,-12284,22320,-8197,-3099
-13892,14208,-11760,22601,-8707,-4716
-13440,14128,-11192,22874,-7887,-5489
-13104,14328,-11664,22795,-6472,-6688
-11924,13344,-11500,22495,-5192,-9010
-13052,12764,-11388,21969,-4987,-9825
-13248,11616,-10404,21303,-5523,-10911
-13108,11180,-10196,20464,-3889,-12051
-13264,9756,-10572,19461,-3635,-12030
-13212,9676,-10544,17576,-4293,-13000
-13200,8764,-8428,15949,-6792,-12611
-12416,7468,-6968,14685,-9610,-12761
-9324,6660,-6868,12593,-12772,-13851
-9108,5344,-6824,12257,-5354,-12253
-10384,5628,-6576,11127,-5134,-11981
-11084,5200,-6200,9198,-8441,-10866
-10184,4900,-5416,7290,-10768,-9451
-9312,4068,-4844,5490,-11787,-7688
-7428,3412,-4560,3819,-9558,-5804
-6032,2484,-3696,2684,-4688,-3783
-6084,2424,-3896,1680,-1587,-1611
-7224,2672,-3784,292,-459,982
-8656,3712,-4696,-1456,-13,3842
-7740,3344,-4932,-3300,2048,6221
-7172,3016,-4272,-4297,5276,8225
-7476,4552,-5804,-6137,6392,9246
-9508,5740,-6300,-8894,6478,10127
-9744,5768,-5504,-11030,7344,12051
-9396,5672,-4868,-11928,9944,13126
-9992,7208,-6632,-13481,13520,13743
-11240,8120,-7476,-15615,15211,14328
-10840,8900,-7612,-16974,17817,14983
-13820,10088,-8320,-18379,17348,15089
-14424,11076,-8172,-20635,14974,14909
-13316,12616,-10280,-22616,10318,13961
-13516,14372,-9560,-23431,6802,12959
-12564,15964,-10280,-23453,6927,12445
-12612,17456,-11948,-23481,8654,11890
-14496,18776,-12212,-23103,8515,11009
-14452,20952,-13624,-23336,5498,9466
-11740,21204,-12836,-23514,4718,6625
-8824,20180,-9840,-21835,8693,5336
-10444,21244,-10992,-19784,11027,3658
-9728,21944,-13048,-18799,10567,842
-9072,21304,-12876,-17985,10949,-2252
-9604,20412,-12752,-16598,12170,-5262
-10396,18608,-13484,-15558,10310,-8108
-11284,16228,-14568,-15067,8157,-10435
-12812,14036,-14128,-15167,7693,-11452
-10752,10804,-12724,-14158,4941,-13321
