accX,accY,accZ,gX,gY,gZ
-15172,5708,-4924,-27,-75,-304
-15704,6276,-4084,-110,-1526,-673
-15244,6144,-4164,-231,-1655,-912
-15808,6656,-4400,-654,-942,-580
-15624,6832,-3720,-1065,-1141,-156
-14800,6672,-3164,-1276,-2100,255
-12348,6176,-1944,-874,-1124,93
-12688,5928,-1476,-148,230,318
-13580,6124,-2476,354,-7,457
-13384,6324,-2992,276,-732,568
-13528,6320,-2892,63,-755,597
-14396,6420,-3084,-112,-522,742
-14648,6284,-3360,-446,-101,1091
-14916,6136,-3156,-1116,-114,1313
-14388,6068,-2760,-1603,704,1319
-14508,5876,-3204,-1959,2035,1696
-14828,5632,-3228,-2325,2241,1693
-14672,5616,-2868,-2548,1532,1434
-14948,5740,-2984,-2364,1638,1374
-14704,6064,-3348,-2239,1481,1143
-15140,6176,-3428,-1737,1663,543
-15664,6456,-4492,-1487,947,-10
-14864,6204,-4520,-1606,-876,-210
-13892,6128,-3692,-1433,-1190,-501
-13892,5976,-3696,-896,-235,-631
-14756,6452,-4304,-988,-455,-732
-14456,6224,-3812,-1282,-1005,-637
-13832,5904,-3184,-1119,-827,-643
-13700,6044,-3208,-888,-47,-666
-14052,5844,-3520,-911,100,-509
-13776,5760,-3292,-927,-135,-311
-13752,5560,-2736,-750,-48,-297
-13848,5624,-2872,-415,194,-184
-14220,5840,-3304,-239,487,-73
-14604,5912,-3604,-319,239,-47
-14404,5924,-3260,-424,-37,-27
-14100,5784,-2668,-343,-99,-99
-14240,5952,-3016,-175,56,-182
-14416,6204,-3384,-289,100,-273
-14952,6188,-3492,-400,44,-246
-14304,6216,-3000,-419,-228,-437
-13984,6068,-2928,-330,102,-542
-14312,5724,-2860,-225,478,-512
-14228,5888,-3176,-251,635,-394
-14156,5888,-3236,-301,463,-487
-14112,5860,-3244,-394,680,-603
-14156,5956,-2996,-411,859,-538
-14192,6100,-3680,-441,956,-496
-14156,6248,-3712,-696,725,-501
-13728,6312,-3256,-592,595,-634
-14180,6184,-3120,-275,753,-245
-14412,6256,-3364,-210,550,-110
-14368,6440,-3408,-181,426,25
-14264,6400,-3216,-113,414,-37
-14100,6280,-3020,54,644,-15
-14232,6240,-3280,69,580,66
-14004,6256,-3336,-69,408,-37
-14124,6196,-3216,-161,475,-105
-14116,6136,-3452,-345,587,-219
-14484,6128,-3528,-445,670,-229
-14424,6052,-3516,-622,413,-313
-14348,5916,-3092,-664,454,-166
-14476,5964,-3340,-579,343,-156
-14396,5964,-3556,-510,277,-32
-14312,5920,-3452,-677,41,83
-13996,6032,-3044,-663,362,43
-14068,6096,-3028,-415,442,69
-14436,6216,-3668,-364,442,67
-14432,6208,-3524,-432,444,15
-14436,6216,-3672,-425,554,-37
-14488,6256,-3692,-557,573,-138
-13516,6192,-3340,-459,521,-451
-14224,5816,-3616,-418,756,-178
-14312,6016,-3632,-632,649,-327
-14276,5944,-3372,-682,805,-248
-14156,5852,-3152,-699,887,-266
-14384,5940,-3472,-682,919,-250
-13936,6088,-3352,-683,857,-290
-14336,5924,-3476,-716,887,-201
-14308,6028,-3516,-784,721,-95
-14340,5932,-3520,-905,426,18
-14444,6024,-3424,-920,337,76
-14448,5932,-3352,-691,326,182
-14488,6048,-3536,-680,218,431
-14072,6080,-3560,-891,43,477
-14036,6016,-3452,-1008,187,610
-13792,5964,-3204,-980,352,616
-13756,6056,-3176,-956,413,378
-14076,6208,-3564,-865,322,146
-14128,6436,-3692,-825,398,37
-13980,6524,-3976,-972,524,-26
-14196,6360,-3984,-1172,421,-104
-14016,6280,-3668,-1262,252,-118
-13988,6144,-3640,-1300,293,35
-14328,6332,-3872,-1352,-281,111
-14124,6196,-3476,-1527,-663,131
-14044,6192,-2724,-1276,32,-56
-13968,6292,-3260,-931,729,-49
-14752,6452,-3792,-1067,528,-27
-14468,6412,-3564,-1152,366,-94
-14624,6328,-2992,-987,350,-156
-14324,6336,-3196,-810,540,-274
-14500,6348,-3420,-792,515,-366
-14540,6128,-3232,-785,318,-455
-14476,6184,-3372,-724,149,-473
-14516,6120,-3344,-746,141,-515
-14204,5952,-2964,-571,256,-578
-14280,5940,-3116,-382,302,-543
-14092,6360,-3632,-473,-91,-630
-13952,6508,-3896,-759,-642,-861
-14020,6696,-3724,-1065,-1173,-1114
-14660,6412,-2748,-919,-1176,-870
-14344,5904,-2436,-395,-876,-495
-13916,6040,-2688,-68,-137,-140
-13860,6012,-2892,-80,259,-45
-14124,6136,-3060,-246,254,18
-14328,6248,-2952,-258,-226,-44
-14380,6204,-3036,-178,-241,92
-14064,6084,-2900,-46,-17,266
-14112,6228,-2936,-76,69,447
-14008,6352,-2984,-52,347,339
-14184,6304,-2916,-48,423,345
-14776,6352,-3200,-123,122,326
-14400,6340,-2636,-273,-14,361
-14004,6180,-2712,-243,201,310
-14332,6580,-2904,-229,387,225
-14336,6356,-2744,-313,156,93
-14212,6288,-2680,-255,127,159
-14296,6424,-2920,-245,279,82
-14400,6240,-2808,-336,286,95
-14496,6156,-2528,-228,317,69
-14420,6016,-2608,-83,282,63
-13924,6076,-2872,-164,314,172
-14044,6160,-2908,-333,441,231
-14124,6220,-2976,-401,403,155
-14124,6224,-3064,-386,411,161
-14212,6348,-2868,-311,441,139
-14256,6372,-2820,-259,410,61
-14256,6552,-3236,-247,478,48
-14136,6496,-3028,-387,665,-16
-14220,6840,-3012,-436,694,-298
-14352,6456,-3128,-406,424,-285
-14200,6336,-2924,-395,566,-341
-14264,6244,-3100,-477,478,-306
-14084,6300,-3028,-550,454,-226
-14076,6584,-3032,-489,565,-290
-14168,6660,-2904,-496,442,-369
-14124,6588,-3128,-494,311,-369
-14040,6472,-3196,-465,532,-360
-14128,6700,-3124,-366,465,-427
-14468,6604,-3084,-153,378,-488
-14296,6676,-3540,-167,437,-489
-13980,6536,-2992,-227,357,-488
-13880,6320,-2920,-139,559,-461
-14080,6228,-3192,-85,533,-376
-14308,6216,-2900,-198,280,-253
-13744,6372,-2812,-234,427,-152
-13908,6404,-3112,-237,631,-109
-14076,6520,-3428,-332,487,-86
-14052,6344,-3096,-494,488,2
-13880,6404,-2968,-607,624,91
-14156,6528,-3260,-633,634,105
-14024,6532,-3128,-611,807,78
-14108,6620,-3200,-589,963,40
-14292,6464,-3028,-618,692,-50
-14124,6588,-3148,-532,498,-116
-14200,6608,-3404,-542,536,-229
-14264,6484,-3424,-510,346,-267
-14148,6472,-3324,-548,471,-242
-13996,6396,-3408,-582,534,-239
-14136,6192,-3300,-683,350,-116
-14152,6116,-3044,-707,493,23
-14336,6468,-3356,-573,576,88
-14300,6428,-3320,-651,205,-50
-14380,6556,-3056,-637,163,-26
-14256,6564,-3264,-688,174,45
-14024,6540,-3156,-601,345,-88
-14096,6668,-3256,-603,457,-175
-14156,6452,-3192,-641,502,-290
-14128,6540,-3096,-575,599,-312
-14208,6448,-3184,-435,867,-415
-14296,6476,-3356,-340,933,-303
-14136,6256,-3244,-362,619,-285
-14032,6328,-3256,-372,825,-127
-13124,6264,-3264,-443,950,-287
-13996,6212,-3360,-492,938,-158
-14148,6216,-2964,-285,755,-123
-14012,6372,-3084,-129,824,18
-14244,6596,-3244,-193,879,-44
-14428,6760,-3452,-290,458,-133
-14192,6620,-3256,-291,523,-166
-14092,6500,-3468,-307,691,-118
-14052,6532,-3492,-471,634,-34
-14244,6524,-3420,-495,522,-53
-13960,6620,-3304,-382,510,-106
-14064,6388,-3472,-360,498,-109
-13960,6400,-3340,-338,383,-145
-14020,6448,-3420,-308,415,-142
-14136,6676,-3852,-368,564,-91
-14404,6396,-3548,-401,460,-134
-14364,6476,-3444,-407,320,-137
-14228,6368,-3564,-470,345,-108
-14156,6332,-3428,-548,286,-156
-14012,6268,-3296,-553,439,-105
-14284,6380,-3448,-485,489,-95
-14096,6416,-3452,-563,377,-138
-14208,6440,-3684,-536,300,-90
-14168,6320,-3540,-606,423,-1
-13828,6264,-3320,-616,413,-97
-14068,6200,-3352,-397,984,-62
-14104,6012,-3204,-257,1278,-12
-14592,6284,-3640,-151,1631,228
-14296,6400,-3832,-268,612,-17
-13840,6204,-3320,-227,544,60
-13944,5972,-3224,182,1435,20
-13972,5948,-3912,406,1523,171
-13740,6028,-3732,199,1232,282
-13488,5812,-3244,254,1246,407
-13144,5804,-3420,567,1673,538
-13552,6072,-4320,446,1669,712
-13568,5776,-3844,274,1168,849
-13308,5484,-3164,415,742,1067
-12228,5436,-3596,631,1270,1057
-12488,5136,-4276,759,1238,1078
-12568,4932,-4152,540,831,957
-11016,4596,-3372,735,-78,388
-9672,4584,-3216,1059,-272,-255
-8916,4356,-2676,1502,187,-933
-8512,4900,-3064,1947,97,-1924
-8388,4520,-3920,2216,702,-3019
-12676,5080,-6236,1695,1214,-3042
-19888,7940,-7936,-370,-581,-2026
-22008,9092,-3216,-1387,-1036,-561
-20708,9920,-2972,627,4175,-530
-25168,11860,-10336,821,5058,-574
-30848,11812,-10880,-491,2106,197
-32768,14444,-9612,-1657,869,1506
-32768,16948,-7944,-1869,1456,2029
-32712,14552,-7208,-462,2206,2298
-30320,12872,-7988,1205,3853,3446
-22176,9744,-9768,1172,3120,3303
-15676,10276,-9952,-59,1808,1121
-11976,7728,-5012,-285,74,-1154
-6964,5352,-428,1048,3509,-2030
-4744,3748,-1876,2712,6733,-2575
-2444,2596,-3600,3360,5930,-3556
-2496,836,-3668,3091,3524,-4685
-1588,-80,-2880,3255,1213,-5468
336,-668,-1704,3797,-956,-6650
452,-776,-1108,4306,-1410,-7560
1284,-608,-1076,4537,-2944,-8044
2256,-736,-8,5057,-2678,-9201
1276,-848,-1244,5113,-1747,-9678
404,-740,-1964,4713,-1542,-9875
-432,88,-2224,4130,-1088,-9510
-968,328,-3168,3196,-1551,-9432
-2956,1008,-4036,1718,-2839,-9551
-5244,1656,-2368,636,-5372,-9409
-8592,944,-256,1646,-2487,-8259
-17352,1616,-4984,2437,1286,-4638
-23936,1908,-10448,869,2484,-103
-27528,3724,-11608,-2137,1678,4905
-28368,5708,-10808,-4727,2352,9035
-28568,8596,-8528,-5245,4300,12244
-30344,9964,-13100,-5677,3178,13393
-26828,8444,-9004,-6881,-684,14113
-21692,7604,-3824,-4861,2076,14659
-17948,8068,-8472,-3717,2493,13224
-14748,6312,-6276,-3018,-47,10167
-13036,4468,-6384,-1913,437,7904
-14268,4316,-8304,-1944,689,5872
-13840,4072,-6684,-2271,191,4292
-14084,4908,-5276,-2138,818,2935
-13932,5624,-5712,-1935,1206,1877
-13904,5400,-6092,-2002,1415,1013
-14320,5500,-5680,-2078,1802,455
-14508,5948,-6008,-2163,1089,-2
-14316,6012,-5908,-2298,362,-366
-13908,6636,-5412,-2093,182,-1003
-13988,6668,-4860,-1468,-338,-1620
-14224,6928,-5324,-944,-988,-2113
-14700,6740,-5796,-896,-1371,-1945
-14408,6328,-5668,-944,-2256,-1749
-13976,6256,-4836,-1001,-2021,-1523
-13996,6484,-5356,-971,-1693,-1156
-13788,6596,-5564,-1220,-1639,-669
-13716,6440,-4708,-1202,-1878,-441
-12952,6700,-4456,-843,-1582,-390
-12964,6824,-5064,-469,-911,-489
-12896,6644,-5604,-427,-442,-493
-13212,6496,-5768,-646,-270,-466
-13392,6456,-5500,-758,-309,-519
-13316,6636,-5276,-648,18,-617
-13220,6480,-5540,-511,370,-720
-13524,6012,-5796,-654,477,-646
-13552,6072,-5248,-702,653,-617
-13640,6084,-5008,-586,906,-493
-13816,6084,-5116,-394,774,-414
-13856,6272,-5396,-355,683,-238
-14004,6168,-5164,-415,704,-119
-14164,6612,-5040,-330,846,-133
-13908,6592,-5112,-341,871,-237
-13820,6404,-5052,-244,736,-475
-13812,6080,-5008,-117,761,-496
-13784,5800,-5024,-144,577,-516
-13820,5736,-5124,-271,522,-492
-14124,5604,-4712,-188,673,-280
-13884,5644,-4980,-39,850,-121
-14116,5916,-5120,-199,770,-126
-14140,5880,-4992,-270,566,-83
-14320,6080,-5224,-235,445,-11
-13712,6120,-5100,-294,118,-90
-13896,6056,-4964,-292,146,-143
-13832,5928,-4824,-317,104,-86
-13680,6104,-5048,-308,323,-55
-14092,6304,-5148,-536,395,-75
-14296,6360,-5260,-550,113,-129
-14072,6240,-5160,-587,97,-101
-13612,5916,-5084,-647,268,-28
-13904,5840,-5108,-669,467,2
-13868,5916,-5292,-682,551,27
-14040,6200,-5264,-662,432,16
-14092,6316,-5260,-654,310,-34
-13596,6080,-5068,-522,330,-80
-13688,6008,-5396,-373,313,-191
-13952,5864,-5408,-329,279,-284
-13652,5876,-5400,-429,30,-330
-13628,5796,-5020,-413,202,-253
-13596,5960,-5268,-394,402,-162
-13900,5808,-5500,-496,373,-112
-13724,5788,-5120,-601,24,-55
-13508,5716,-4804,-438,-196,18
-13532,5752,-5256,-284,280,113
-13596,5696,-5220,-364,332,330
-13788,5740,-5068,-482,351,671
-13600,5680,-5104,-505,406,979
-12936,5508,-4876,-508,309,1029
-12088,4996,-4256,-441,364,960
-12020,4228,-4284,-348,750,1233
-12012,4488,-4944,-414,756,1591
-12104,4512,-4620,-336,854,1701
-12004,4824,-4616,-335,326,1569
-10980,4624,-3576,17,-469,1573
-8940,4308,-3088,520,-760,1249
-6432,3648,-2432,1283,-589,283
-5156,2952,-3084,1726,-460,-824
-5956,3208,-4572,1661,-477,-1826
-9376,4448,-5972,977,45,-2219
-14864,6924,-7932,-211,62,-1640
-17504,9088,-5292,-939,-164,-524
-17060,8588,-2712,423,3543,603
-21160,9940,-9040,621,4753,1442
-25284,10920,-10256,-480,2593,1528
-30604,12880,-8844,-423,1219,1522
-32768,16196,-11616,443,994,1372
-32768,18656,-14816,713,-852,751
-32768,18388,-13516,652,-1215,-40
-32768,16076,-10304,601,910,-279
-32440,17760,-12804,1087,3404,167
-28728,16708,-13204,1651,3040,-920
-25160,12008,-11604,2011,2593,-1357
-17828,7916,-7468,2032,1459,-1286
-9668,4256,-2968,2306,2583,-1477
-820,2520,-20,3177,5090,-2682
2196,1736,-1404,3982,5351,-4262
2636,864,-1660,4453,3685,-4917
984,1252,-2124,4923,2377,-4363
504,800,-3072,5097,2341,-5245
372,-8,-2540,6033,1736,-5790
-608,568,-3172,5289,1756,-5804
1832,1212,-3056,4530,794,-6483
700,1212,-3904,2606,-558,-6611
908,332,-2376,936,-2872,-6532
1480,-496,-328,287,-3579,-6530
2324,-1296,1204,495,-2611,-6811
2820,-1584,1332,928,-1064,-7355
1152,-1800,1360,1615,445,-7205
-740,-1896,-8,2223,1422,-6128
-2884,-232,-4064,1190,1278,-5228
-7676,1736,-7576,-1427,-2826,-4260
-10292,3632,-4688,-2970,-4996,-3236
-15340,3756,-2248,-1381,-901,-1126
-21264,2988,-7236,-4,1589,1612
-24536,2944,-11796,-1657,1474,5257
-29536,2240,-14852,-4908,3498,10313
-32768,7924,-17732,-9406,181,15916
-30340,11416,-8956,-10509,1207,18659
-26552,14120,-10008,-7819,4517,19350
-22444,14848,-10232,-6163,4637,18608
-16072,12484,-9048,-4908,4436,16025
-16424,11388,-11216,-4441,4124,13818
-16380,10604,-10404,-5099,3158,11989
-14568,9472,-7960,-3837,1908,10017
-13824,9504,-10112,-2613,674,7271
-12236,7980,-8604,-1868,989,4753
-11484,6092,-7824,-861,2306,2643
-12640,5988,-9788,-1051,1876,970
-12744,5876,-8936,-1493,71,-461
-12556,5996,-7780,-1221,-1224,-1841
-12828,6384,-7800,-781,-1337,-2927
-13496,6328,-7644,-526,-2044,-3635
-13388,6768,-7172,-720,-2963,-3685
-12832,6956,-6316,-778,-3485,-3682
-12568,6912,-5496,-367,-2524,-3667
-13124,7452,-5728,-76,-1738,-3467
-13716,7568,-5952,3,-1901,-2963
-12940,8016,-5804,-8,-2143,-2428
-12780,8936,-5912,155,-2626,-2451
-11876,8828,-5828,390,-2464,-2777
-11536,8132,-5472,626,-1788,-3212
-11496,6968,-5904,570,-1034,-3178
-11968,6660,-6572,-63,-1082,-2935
-12292,6488,-6316,-786,-989,-2720
-12212,6728,-6592,-1436,-354,-2408
-12904,6620,-6576,-1722,-216,-2339
-13444,6688,-6404,-1835,-361,-2095
-13484,6752,-6296,-1955,-513,-1855
-12804,7152,-6044,-1944,-205,-1839
-12968,7280,-5948,-1793,217,-2018
-13184,7132,-6080,-1550,-39,-1994
-13052,6960,-6064,-1418,13,-1748
-13320,6864,-5668,-1379,387,-1503
-12692,6808,-5576,-1307,738,-1723
-13420,6256,-5000,-834,1238,-1252
-13620,6236,-5392,-410,1644,-777
-13832,6096,-5724,-265,1290,-508
-13552,5852,-5468,-279,981,-395
-13548,5744,-5252,-178,727,-538
-13696,5884,-5656,-118,484,-529
-13904,5892,-5592,-81,395,-560
-14120,5800,-5764,-155,72,-636
-14224,6132,-5544,-200,-33,-678
-14284,6136,-5504,-181,-33,-548
-14044,6176,-5588,-248,-262,-518
-13924,6384,-5560,-265,-331,-536
-13668,6408,-5680,-125,-359,-569
-13892,6356,-5604,-49,-338,-736
-13760,6476,-5696,-9,-451,-646
-13652,6320,-5904,7,-507,-575
-13708,6548,-5992,-44,-418,-483
-13488,6280,-5732,7,-111,-410
-13440,5972,-5896,49,32,-343
-13200,6176,-6128,-53,-267,-402
-13496,5920,-5600,-69,-360,-355
-13336,5876,-5596,-51,-96,-277
-13392,5756,-5604,-35,-88,-185
-13684,5776,-5516,-51,145,-9
-13516,6184,-5472,-39,229,104
-13756,6324,-5580,85,395,79
-14200,6352,-5848,149,243,82
-13848,6380,-5540,79,53,18
-13728,6476,-5904,14,-10,-53
-13868,6672,-5880,-79,-77,-93
-13732,6728,-5428,-60,-220,-254
-13708,6628,-5476,-58,-119,-320
-13376,6576,-5588,-139,102,-329
-13792,6572,-5632,-261,-53,-351
-13760,6512,-5592,-255,-96,-372
-13724,6488,-5720,-262,164,-393
-13852,6556,-5912,-445,49,-439
-13716,6400,-5704,-546,-13,-458
-13616,6352,-5732,-530,-91,-425
-13640,6488,-5444,-559,-73,-434
-13572,6260,-5592,-494,-218,-438
-13600,6132,-5632,-474,-126,-344
-13616,6152,-5572,-449,49,-276
-13556,6136,-5668,-583,62,-194
-13500,6000,-5344,-520,70,-171
-13388,6144,-5472,-413,297,-162
-13576,6364,-5728,-521,338,-192
-13624,6428,-5728,-610,269,-164
-13744,6324,-5572,-520,425,-184
-13704,6400,-5584,-523,552,-156
-13832,6264,-5664,-514,577,-170
-13568,6240,-5352,-378,708,-304
-13724,6116,-5448,-214,683,-316
-13680,6220,-5684,-201,626,-340
-13804,6188,-5840,-182,649,-369
-13892,6004,-5732,-255,566,-343
-13684,5896,-5648,-385,677,-257
-13652,5804,-5456,-497,486,-237
-13532,5800,-5380,-505,333,-238
-13780,5836,-5616,-491,385,-268
-13896,5940,-5624,-539,388,-248
-13912,5920,-5476,-610,373,-141
-13912,5960,-5332,-546,531,-64
-13884,6012,-5616,-440,427,-64
-13936,6196,-5776,-411,305,-44
-13824,6036,-5620,-479,270,-124
-13912,5948,-5628,-492,322,-169
-13832,6024,-5356,-433,295,-167
-13884,5944,-5604,-368,186,-125
-13960,5940,-5676,-381,89,-70
-13928,5904,-5688,-423,-83,-35
-13660,6064,-5632,-408,95,-27
-13684,6020,-5692,-411,41,-38
-13704,6136,-5828,-384,-33,-48
-13720,5996,-5788,-359,-205,-95
-13748,6200,-5572,-302,-4,-67
-13788,5996,-5892,-359,-184,-3
-13780,6132,-5604,-457,-41,36
-13688,6184,-5424,-397,46,-9
-13624,6100,-5512,-383,165,-40
-13544,6148,-5436,-388,390,-117
-13724,6072,-5340,-249,468,-160
-13796,6156,-5516,-180,555,-140
-13748,6136,-5676,-162,507,-134
-13860,5972,-5596,-192,365,-99
-13752,6060,-5408,-191,549,-89
-13992,6136,-5600,-283,512,-87
-13768,6124,-5528,-301,433,-82
-13560,6128,-5392,-296,492,-70
-13788,6232,-5556,-265,537,-85
-13676,6428,-5748,-407,542,-148
-13812,6428,-5300,-363,666,-141
-13860,6184,-5532,-418,523,-58
-13628,6336,-5488,-511,636,-55
-13764,6556,-5620,-493,717,-102
-13756,6364,-5524,-482,699,-54
-13740,6236,-5648,-499,703,-109
-13940,6424,-5536,-478,620,-76
-13768,6312,-5536,-478,521,-58
-13608,6340,-5612,-547,507,-163
-13652,6512,-5320,-495,452,-226
-13716,6368,-5792,-440,478,-269
-13892,6176,-5740,-518,439,-210
-13776,6228,-5480,-569,285,-156
-13692,6196,-5420,-504,369,-181
-13596,6196,-5708,-439,498,-229
-13864,6336,-5748,-474,397,-176
-13436,6244,-5572,-459,452,-177
-13592,6200,-5520,-430,374,-211
-13732,6100,-5716,-395,264,-155
-13464,6248,-5528,-382,413,-44
-13768,6136,-5748,-461,371,6
-13588,6304,-5696,-416,397,81
-13488,6144,-5696,-329,343,20
-13544,6144,-5728,-328,334,-68
-13568,6000,-5880,-383,478,-67
-13772,6032,-5856,-437,400,-62
-13808,6008,-5676,-356,337,-66
-13724,6240,-5784,-330,413,-168
-13988,6052,-5768,-324,256,-188
-13796,5996,-5812,-362,220,-256
-13840,6052,-5700,-337,157,-385
-13660,6104,-5632,-347,257,-415
-13984,6160,-5708,-350,267,-372
-14160,6148,-5836,-350,172,-303
-14012,6000,-5560,-385,97,-159
-13740,6000,-5364,-390,235,-2
-13736,5944,-5328,-229,199,48
-13816,6092,-5748,-163,66,0
-13660,6096,-5652,-166,166,-46
-13812,5956,-5872,-200,101,-11
-13688,5928,-5608,-268,183,-86
-13740,6052,-5740,-363,251,-165
-13784,5920,-5524,-338,111,-204
-13540,6064,-5624,-246,88,-288
-13568,6048,-5748,-228,223,-361
-13776,6148,-5500,-218,345,-334
-13548,6160,-5716,-290,215,-284
-13552,6180,-5748,-284,167,-240
-13752,6168,-5592,-276,275,-202
-13612,6152,-5620,-293,232,-176
-13636,6376,-5648,-296,397,-106
-13732,6264,-5572,-247,451,-113
-13824,6092,-5684,-257,403,-130
-13704,6132,-5568,-377,217,-93
-13620,6140,-5544,-373,361,-64
-13712,6248,-5612,-411,609,-57
-13800,6156,-5696,-399,467,-16
-13636,6236,-5740,-434,487,-56
-13712,6200,-5744,-466,651,-48
-13800,6060,-5756,-392,621,65
-13812,6096,-5576,-303,424,107
-13688,6216,-5732,-181,361,25
-13912,6320,-5768,-157,300,-13
-13840,6276,-5684,-143,352,11
-13564,6140,-5652,-185,384,13
-13576,6136,-5792,-393,448,67
-13576,6208,-5784,-497,439,128
-13592,6352,-5712,-646,376,154
-13612,6492,-5512,-658,540,124
-13672,6560,-5876,-649,508,105
-13736,6492,-5800,-761,572,52
-13812,6548,-5624,-732,455,-32
-13968,6340,-5732,-727,175,71
-13444,6484,-5436,-667,88,83
-13384,6548,-5596,-612,468,127
-13528,6452,-5772,-625,239,88
-13352,6524,-5708,-699,220,53
-13416,6548,-5672,-766,288,40
-13524,6504,-5748,-895,232,94
-13256,6520,-5668,-962,532,62
-13384,6432,-5724,-1013,598,33
-13324,6564,-5788,-1138,467,17
-13452,6636,-5496,-1098,639,-45
-13648,6628,-5736,-1023,598,-100
-13644,6564,-5796,-929,744,-257
-13772,6364,-5952,-941,592,-264
-13736,6296,-5848,-1055,544,-214
-13848,6308,-5384,-985,523,-172
-13720,6380,-5816,-870,426,-134
-13556,6164,-5736,-848,268,-70
-13720,6296,-5772,-801,238,5
-13592,6484,-5928,-687,306,-89
-13560,6556,-5800,-710,114,-143
-13272,6452,-5436,-556,28,-248
-13212,6588,-5856,-440,220,-345
-13308,6592,-5968,-433,375,-455
-13552,6468,-5896,-470,549,-443
-13696,6352,-5640,-536,522,-381
-13508,6260,-5536,-401,654,-337
-13424,6084,-5588,-393,587,-265
-13504,6036,-5616,-352,732,-181
-13644,6240,-5756,-316,622,-26
-13868,6184,-5596,-273,553,82
-13736,6256,-5660,-221,298,198
-13776,6292,-5524,-255,233,208
-13532,6420,-5600,-170,247,153
-13516,6460,-5712,-270,135,153
-13600,6616,-5604,-311,196,14
-13616,6628,-5720,-247,222,-103
-13620,6516,-5736,-335,167,-116
-13424,6552,-5728,-411,285,-161
-13608,6728,-5796,-442,350,-179
-13432,6600,-5460,-360,423,-227
-13520,6444,-5536,-297,563,-268
-13648,6536,-5776,-359,406,-234
-13600,6504,-5740,-382,331,-195
-13820,6488,-5688,-313,197,-139
-13472,6432,-5712,-320,379,-124
-13320,6592,-5724,-361,321,-142
-13312,6384,-5644,-303,429,-210
-13488,6548,-6032,-260,394,-232
-13732,6552,-5788,-334,354,-173
-13572,6632,-5852,-433,375,-160
-13428,6520,-5672,-495,590,-151
-13580,6700,-5648,-554,495,-147
-13516,6644,-5612,-524,670,-167
-13524,6752,-5724,-439,546,-266
-13528,6588,-5704,-520,541,-327
-13592,6572,-5656,-561,440,-372
-13732,6544,-5504,-560,397,-332
-13476,6548,-5676,-549,556,-348
-13528,6516,-5768,-669,500,-316
-13472,6500,-5520,-672,487,-294
-13276,6340,-5488,-649,646,-265
-13388,6484,-5912,-684,681,-313
-13776,6612,-5780,-742,642,-314
-13424,6464,-5828,-746,630,-294
-13488,6420,-5672,-822,652,-239
-13440,6504,-5744,-762,775,-258
-13460,6540,-5848,-679,680,-165
-13628,6552,-6048,-716,662,-161
-13604,6364,-5584,-757,773,-177
-13496,6292,-5828,-653,708,-118
-13612,6424,-6016,-666,657,-175
-13820,6644,-5864,-642,606,-265
-13596,6596,-6044,-644,529,-394
-13600,6524,-6024,-677,427,-494
-13736,6460,-5864,-665,488,-440
-13536,6344,-5748,-632,471,-354
-13536,6364,-5964,-593,567,-353
-13476,6312,-5880,-640,524,-323
-13532,6316,-5844,-641,672,-294
-13644,6468,-5876,-631,651,-281
-13556,6512,-5784,-678,717,-266
-13676,6404,-6052,-726,553,-194
-13828,6432,-5732,-695,500,-182
-13728,6372,-5848,-585,561,-187
-13728,6368,-5912,-490,454,-266
-13696,6396,-5872,-521,407,-230
-13772,6412,-6084,-610,272,-249
-13572,6260,-5700,-590,349,-180
-13532,6300,-5932,-556,373,-225
-13492,6272,-5960,-558,238,-261
-13408,6116,-5776,-528,53,-244
-13380,6112,-5652,-468,285,-200
-13548,6168,-5736,-377,27,-145
-13476,6436,-6008,-425,174,-168
-13604,6532,-6012,-474,235,-176
-13528,6360,-6144,-512,93,-203
-13584,6368,-5824,-413,128,-251
-13716,6452,-6028,-348,304,-179
-13520,6416,-5984,-360,306,-149
-13800,6388,-5900,-336,235,-159
-13560,6372,-5692,-230,259,-52
-13348,6280,-6016,-209,231,-20
-13412,6364,-5832,-356,233,-14
-13452,6256,-5724,-360,233,-75
-13784,6344,-5884,-339,208,-41
-13640,6376,-5796,-368,110,-86
-13688,6424,-5900,-365,248,-86
-13704,6540,-5856,-368,277,-132
-13612,6440,-5676,-406,182,-99
-13592,6544,-5716,-324,310,-132
-13652,6448,-5848,-313,326,-94
-13684,6424,-5616,-360,186,-49
-13684,6436,-5704,-315,168,25


