accX,accY,accZ,gX,gY,gZ
-13476,3464,-8620,-311,302,428
-13916,3604,-9084,-372,-134,328
-13736,3744,-8844,-245,-608,224
-13968,3696,-9228,108,-692,154
-13872,3948,-9268,-7,-1321,153
-13084,3860,-7956,-351,-663,61
-13436,3612,-8152,-371,156,1
-13584,3844,-8136,-423,71,104
-13176,3740,-8292,-337,164,72
-13596,3496,-8360,-447,97,43
-13396,3520,-7940,-434,8,66
-13208,3592,-7916,-279,456,169
-13348,3508,-8392,-366,590,199
-13740,3684,-8372,-452,606,210
-13700,3412,-8460,-501,452,346
-14168,3672,-8300,-647,56,232
-13280,3724,-8108,-603,117,173
-13480,3568,-8332,-517,-113,106
-13156,3476,-8020,-367,325,148
-13588,3704,-8484,-410,459,204
-13376,3532,-7964,-290,726,186
-13336,3644,-8340,-252,91,291
-13148,3672,-8380,-233,201,209
-13256,3780,-8504,-193,369,265
-13564,3904,-8424,-355,683,285
-13032,3932,-8532,-519,638,336
-13500,3976,-8336,-499,658,258
-13348,4308,-8408,-443,94,312
-13556,4212,-8912,-423,389,192
-13808,4320,-8804,-593,83,91
-13512,4140,-8368,-417,1,-4
-13796,4204,-8700,-220,10,-121
-13528,4052,-8464,-99,-177,-207
-13360,4080,-8396,67,-265,-416
-13380,4044,-8396,46,-5,-645
-13140,3792,-8132,116,525,-840
-13848,3968,-8180,138,810,-661
-13612,3872,-8436,100,511,-770
-13460,3896,-8236,-60,496,-834
-13428,4004,-8072,-166,913,-847
-13716,3804,-8552,59,979,-696
-13880,3780,-8260,40,641,-431
-13604,3940,-8284,225,875,-388
-13216,3740,-8896,266,834,-126
-13492,3824,-8760,-134,777,-173
-12900,3976,-7880,-156,1461,6
-13300,3740,-8128,80,1306,303
-12436,3740,-8680,115,1261,381
-12624,3640,-8736,-177,2185,702
-13432,3600,-8716,-315,2415,686
-12284,3308,-8244,-667,2744,1209
-12500,3780,-8640,-505,3308,1327
-13392,3724,-9060,-567,3563,1760
-12432,3732,-8840,-731,3578,1987
-13000,4080,-9268,-233,3915,2004
-13292,4096,-10008,93,3697,2078
-14568,3896,-9472,-453,2387,1597
-14104,2988,-8452,-108,1214,1138
-13632,3492,-9520,-366,716,905
-14396,3368,-9396,-522,1251,-18
-14268,3784,-9684,-562,818,-263
-13652,4096,-9284,-360,-214,-398
-12284,4008,-9684,-47,-138,-270
-11668,4400,-9568,211,476,-246
-11960,4480,-10048,385,609,-305
-12192,4612,-10460,354,310,-448
-12480,4104,-9420,281,595,-273
-12536,4132,-9828,494,1043,-95
-12268,4216,-10192,283,665,-405
-12632,3856,-9480,33,593,-572
-12452,3996,-9252,40,831,-547
-12600,4160,-9768,32,783,-582
-12468,4148,-9468,-91,559,-588
-12804,4240,-9684,-228,621,-846
-13224,4600,-10364,-102,428,-329
-12788,3952,-9692,-526,-144,-318
-12764,4552,-9828,-232,548,-61
-11776,4180,-9508,-448,148,-3
-12600,4192,-9864,-489,625,45
-13104,4116,-9616,-826,547,79
-12728,4160,-9512,-711,283,194
-12868,4064,-10296,-846,75,48
-12840,3928,-9888,-959,-4,178
-12888,3612,-9428,-746,458,23
-12800,3668,-9740,-482,578,-317
-13252,3756,-9804,-471,-99,-362
-12696,3620,-9700,-343,69,-255
-13296,3720,-10492,-461,-275,-240
-12924,3572,-10112,-503,-1114,-519
-13016,3576,-9664,-314,-1356,-806
-13012,3596,-9808,-41,-1443,-897
-12864,3668,-10012,80,-1478,-871
-12932,3532,-9824,166,-1263,-951
-12940,3740,-9836,242,-553,-1058
-13072,3852,-9788,200,-423,-1041
-12900,3804,-9428,176,-959,-1102
-13024,3816,-9512,310,-952,-1148
-12860,3628,-9516,355,-284,-1070
-13372,3812,-9820,320,-509,-1000
-13148,3996,-10120,250,-561,-917
-14320,4160,-10584,16,-1093,-942
-14872,4348,-10724,-238,-1765,-814
-14168,3912,-9884,-154,-2494,-1184
-14748,3852,-10256,-103,-3046,-1237
-14652,3676,-10628,-287,-4431,-1087
-14264,3660,-10040,-109,-4793,-886
-14284,3616,-9440,427,-5530,-1076
-14112,3460,-8780,1097,-6880,-1312
-12712,2736,-7744,2134,-7382,-2006
-10932,2832,-6372,3057,-5379,-2142
-11860,2928,-6368,3405,-3054,-2635
-12552,2444,-6588,3469,-2878,-2584
-12600,2064,-6580,3321,-2154,-2384
-13648,1988,-6276,3258,-2544,-2666
-14616,1860,-6172,3153,-2443,-2463
-14356,1932,-6536,3186,-1207,-2084
-15268,1900,-6864,2884,-840,-1772
-15604,1884,-6576,2816,-681,-1505
-15748,1876,-6492,2797,-768,-1480
-15744,1580,-6756,2767,-2050,-1724
-14628,1332,-6224,2972,-1968,-1852
-14716,788,-6272,3181,-1241,-1755
-15496,956,-6288,3193,-1429,-2162
-15664,676,-6108,2969,-2576,-2382
-15268,408,-5992,2700,-2908,-2569
-14588,268,-6204,2545,-2093,-2524
-14696,416,-6456,2096,-1601,-2552
-15400,660,-6316,1734,-1473,-2453
-15376,556,-5820,1367,-2087,-2467
-14712,1020,-6404,1144,-1426,-2345
-14956,692,-6432,879,-934,-2215
-14848,48,-6080,778,-655,-2086
-15400,-152,-5608,759,-1498,-2130
-15352,64,-5904,443,-1796,-2132
-14656,-516,-5632,611,-922,-1799
-14732,-736,-5844,711,-101,-1397
-15468,-432,-6276,510,-244,-1697
-14876,-384,-5640,353,-1176,-2094
-14824,-480,-5312,468,-195,-2030
-14948,-636,-5096,804,517,-2015
-15068,-876,-5444,841,68,-2106
-15268,-1072,-5156,611,-514,-2303
-15120,-1112,-4940,525,239,-2361
-14832,-1224,-4932,586,834,-2276
-15280,-1820,-4828,419,698,-2322
-15872,-1852,-4772,377,312,-2328
-15456,-1920,-5336,310,280,-2019
-15032,-1620,-5292,18,504,-2294
-15116,-2036,-4736,-181,423,-2265
-14912,-2036,-4504,-186,-5,-2191
-14004,-2204,-4264,31,571,-1817
-13040,-2300,-4236,231,715,-1512
-12812,-2572,-4116,212,718,-1127
-12192,-2332,-4392,5,992,-654
-11980,-2196,-4368,-477,1667,-70
-11156,-1736,-3948,-981,2349,665
-11156,-768,-3772,-1412,1936,1287
-10764,-92,-3016,-1841,2010,1730
-10624,696,-2976,-1836,2677,1914
-11588,1212,-4168,-1993,3273,2795
-12176,2388,-5060,-3074,3827,3373
-13360,2992,-4780,-4276,3574,4265
-12940,2932,-3416,-4909,3822,4766
-13408,4424,-5268,-5652,5655,5293
-14644,4480,-8316,-7520,6146,6236
-16376,4368,-7376,-9271,5485,7477
-15488,4492,-5148,-10139,5170,8042
-15412,4252,-6096,-10710,5534,7847
-16384,3824,-8680,-11885,6405,8698
-16724,3332,-8480,-13517,7061,9816
-16024,3296,-6096,-14583,5875,9694
-15184,4004,-5916,-14472,5620,9142
-15368,3536,-9188,-14862,6448,9457
-15440,2492,-8856,-16121,7212,9574
-16044,3640,-5736,-17056,6231,9512
-15648,5760,-8068,-17252,5863,8899
-16088,7944,-9492,-17096,6431,9585
-15108,8272,-7900,-16252,6147,8748
-14780,9224,-8104,-15502,4368,7789
-13940,9948,-8424,-15430,4326,7097
-13296,10556,-8592,-15074,6388,6583
-14440,11532,-9296,-15112,6401,5941
-14604,12024,-8836,-15296,4771,5284
-13308,12932,-9720,-15241,3693,3978
-13300,13092,-7884,-14265,4112,3685
-12868,13716,-8192,-12573,4307,3379
-12356,14036,-9008,-11207,3052,2191
-11164,12684,-8124,-9676,1210,1499
-10712,11648,-7956,-8565,-808,572
-9568,11480,-8220,-7500,-756,-48
-9528,11460,-9176,-6842,-1700,-401
-9612,11764,-9160,-6504,-1527,-771
-8664,11108,-8340,-6157,-598,-987
-9464,11216,-8036,-5712,552,-1333
-9456,10028,-6272,-4800,867,-1120
-8532,9512,-6584,-3935,571,-1502
-8212,8892,-6872,-3527,333,-1257
-8464,7852,-6252,-2970,221,-1105
-7964,6884,-5604,-2322,556,-1072
-8372,6468,-6064,-1543,1394,-901
-7840,6480,-6972,-1429,1865,-1446
-9012,6352,-6368,-1226,1993,-1477
-9328,6516,-7008,-660,1931,-1457
-9984,6668,-6860,133,1750,-1403
-9160,6688,-5536,1388,1232,-1365
-10728,6548,-4988,3262,1094,-567
-10700,6820,-6528,4322,15,-377
-10012,7308,-7272,4896,-685,206
-10068,7432,-7100,5513,480,809
-10416,6384,-6964,6048,703,1218
-9920,6400,-7668,6288,647,-35
-10696,7072,-8784,6848,824,93
-11976,7484,-9580,7206,122,-182
-12456,6620,-9528,7361,540,-1247
-13096,8308,-8624,8139,2008,-2196
-15208,9836,-9764,9286,253,-2057
-13548,10144,-10716,10071,-902,-2145
-13348,10036,-11820,10784,-349,-2621
-17288,11016,-11924,11178,-640,-2828
-17812,12032,-12232,11331,-2893,-3834
-16296,13036,-12516,11878,-3080,-4465
-15480,12956,-11056,12619,-2685,-4958
-16020,13584,-10256,13951,-3783,-5121
-15964,14440,-11228,14248,-4533,-5507
-14612,13328,-10588,14324,-4542,-6065
-13432,11752,-8472,15469,-3382,-7088
-12672,10520,-7956,16705,-4508,-8858
-13024,9476,-8500,17385,-6092,-10070
-12648,7912,-9008,17473,-5816,-10229
-13996,7776,-9752,16925,-5367,-10513
-15164,7672,-8508,15626,-5479,-9967
-16184,7636,-7808,14488,-6868,-9489
-14232,7468,-8316,13530,-5327,-8734
-14240,6544,-7232,11745,-4432,-9044
-13268,6716,-6240,10924,-4416,-8781
-12576,5084,-5408,10634,-4890,-8394
-12416,4860,-6644,9221,-4728,-8241
-12496,4376,-6372,8114,-4959,-7662
-11168,3904,-5284,7098,-4718,-6920
-11920,3768,-4744,5699,-5318,-6480
-9972,2732,-5416,4607,-4566,-5584
-9532,1988,-5244,3273,-2408,-4909
-9408,1820,-3892,2385,-747,-4494
-9900,1184,-2852,1764,-246,-4298
-10252,652,-4156,835,-629,-3571
-10224,-524,-4204,-32,44,-2690
-10044,-676,-3480,-775,1531,-1840
-10072,-976,-2776,-1004,1519,-1562
-10608,-1436,-3620,-1670,1930,-819
-11656,-1472,-5084,-2414,2367,491
-11344,-660,-5108,-3585,2886,1649
-10740,-164,-3648,-3901,3561,2448
-11324,1736,-3944,-4096,4523,3789
-12112,2248,-7104,-4835,5456,5009
-13204,1900,-7988,-6540,6478,6591
-13532,3420,-6928,-8058,6961,7650
-14164,4648,-7008,-9339,6936,8335
-14532,4396,-9716,-10774,8040,8966
-15484,4396,-10892,-12759,9483,9842
-17260,5324,-9900,-15182,8241,10334
-18476,6684,-9280,-16243,6380,11003
-17400,7072,-10704,-17132,5117,10892
-18280,8276,-11188,-17375,5322,11518
-17716,9436,-11004,-18061,2541,11757
-15840,9724,-10692,-18237,2638,12436
-16172,11076,-11980,-17900,5319,12744
-16360,12000,-11828,-17900,4197,12016
-15264,11848,-10524,-17436,1111,11403
-14948,10624,-11420,-17075,-1322,9624
-14344,9360,-10928,-15462,570,8609
-13968,8548,-9804,-13404,3229,7738
-13260,8192,-10520,-12802,1825,6806
-10116,7408,-9552,-12140,-408,6910
-8492,7216,-10016,-11644,-2,6857
-9116,8088,-10904,-11339,293,5813
-8840,7980,-10056,-10750,42,4604
-9132,7772,-9484,-9296,1179,3811
-9360,7536,-10552,-7883,2609,2735
-9136,6748,-9808,-6561,2994,1673
-11020,6156,-8752,-5577,1464,408
-10596,5104,-8700,-4147,-803,-698
-9324,4260,-8616,-2269,-701,-1616
-10380,4168,-9348,-1029,-308,-2424
-11736,4944,-9232,-552,-529,-2216
-11668,5220,-7504,274,-1403,-2103
-10416,5164,-6776,2130,-1445,-2428
-10176,6024,-8260,3631,-287,-2508
-11376,6980,-9864,4473,568,-2312
-13508,8092,-9380,5588,-208,-2221
-13696,8996,-8788,6869,-2360,-2630
-12656,8504,-9488,8204,-3288,-3356
-13032,8516,-10584,8774,-2924,-4757
-14720,9608,-11108,9516,-2706,-5536
-13752,9936,-11056,9604,-4304,-6737
-13976,9580,-12000,9334,-3654,-7869
-17328,9540,-9796,9274,-3104,-8489
-15876,9788,-7984,10322,-3058,-9314
-14968,10976,-8856,11729,-3878,-9627
-13956,10904,-8772,11951,-4192,-10481
-15260,9752,-8060,13509,-2237,-10305
-16008,8760,-7668,15126,-1771,-9545
-16632,8940,-6884,15801,-3990,-9684
-15860,9124,-6328,16861,-5080,-10131
-15768,8636,-7992,17360,-4450,-10000
-16348,8416,-9436,16421,-3261,-9478
-15384,7716,-7980,15144,-2799,-9144
-15848,6328,-5288,15195,-3983,-8802
-14236,5908,-5920,15257,-4682,-9106
-11844,5212,-7376,14456,-3973,-9314
-11812,4900,-7968,13079,-2522,-8639
-11972,4632,-6032,11795,-2093,-7523
-11512,4152,-5432,11102,-2461,-7065
-11988,4936,-6784,9731,-1459,-6884
-12356,4760,-7524,8497,-411,-6188
-12112,4460,-6180,7470,-76,-5277
-10692,4340,-4984,6200,-943,-5506
-10456,3652,-4644,5208,-1260,-5384
-10044,2768,-5148,4017,-549,-4857
-10348,2136,-4908,2276,-483,-3999
-9640,1788,-3704,973,913,-2489
-9708,1140,-2592,317,1442,-1519
-9752,1152,-2808,-190,1793,-530
-9516,1052,-3736,-963,1923,233
-9340,432,-4140,-1961,2347,1269
-9832,1152,-4520,-3037,2849,2369
-10452,1636,-5340,-3946,3464,3511
-11160,2468,-5852,-4849,4586,4928
-14412,3448,-5400,-6016,4059,5911
-14708,3096,-6520,-7094,3565,6512
-15840,5484,-8988,-8729,5223,7955
-18040,5556,-10092,-11080,4421,9462
-18360,6568,-9124,-13327,3992,10599
-19044,8524,-9560,-14463,4467,11950
-18392,8296,-9552,-15479,2916,12442
-17000,6532,-8680,-16275,4020,13474
-16916,5596,-10128,-17430,5430,14711
-17188,6376,-10528,-19348,4358,15193
-16160,7644,-9024,-20008,4438,15572
-14920,9464,-9424,-19409,5457,15151
-15032,11032,-9936,-18769,5247,14219
-13876,11520,-10140,-17025,5388,13088
-13636,11632,-11956,-15245,4790,12009
-12668,10740,-12408,-15578,2689,10089
-13328,9588,-11160,-15413,1862,7941
-14076,8452,-10704,-13939,4001,7040
-12276,8248,-10520,-12952,3633,5869
-10844,8008,-10004,-11980,1440,4342
-10260,6376,-9668,-10454,2070,3602
-9668,5972,-10744,-8828,2532,3086
-10472,5624,-11596,-7585,1864,2187
-10144,5488,-11136,-6856,-132,724
-10088,5000,-10556,-5650,-353,-38
-9852,4776,-10656,-4008,31,-834
-9536,4872,-10652,-2559,-653,-1411
-9664,4724,-8944,-1252,-1669,-1766
-9300,4960,-9332,360,-1578,-1780
-9376,5088,-9332,1538,-33,-1605
-10872,5948,-8044,2467,1039,-1601
-12612,6628,-7668,3826,829,-1029
-13728,7824,-8736,4903,-622,-1271
-12800,8632,-8408,6543,411,-1925
-14480,9728,-10604,7673,48,-2536
-14316,9824,-11108,8044,-395,-3229
-13512,9320,-10256,8511,202,-4366
-15144,10420,-10648,9029,563,-4811
-15068,10492,-8956,10059,-18,-5467
-13760,10300,-8252,12159,278,-6124
-13876,9932,-9036,14313,-165,-6993
-14260,10424,-9476,16133,-1079,-7840
-14304,10416,-10668,17481,-2261,-8933
-14860,10392,-11760,18067,-2904,-9239
-15100,10572,-11920,17840,-3667,-9943
-15948,11232,-10840,17527,-3258,-10550
-17336,11260,-10428,17516,-4166,-10655
-16572,12028,-10328,17621,-4010,-10472
-15352,9488,-9112,16967,-6278,-11523
-15096,9152,-8016,16242,-6702,-10575
-12264,8452,-7948,15663,-5411,-10551
-11276,7300,-6360,14898,-4504,-10745
-11636,6784,-6940,14070,-3070,-10257
-12612,6504,-7964,12828,-3375,-9135
-11836,5908,-7264,11751,-4116,-8542
-11800,5060,-5956,10671,-3804,-7814
-10884,4556,-5844,10197,-2468,-6697
-10312,4288,-6384,9313,-2303,-5603
-9680,3728,-6000,7588,-2334,-5011
-8992,2884,-5576,6106,-2223,-4720
-9164,2308,-5180,4965,-1093,-3642
-8956,1816,-5076,3754,-407,-2678
-8904,1400,-4336,2432,77,-1633
-8912,1504,-4272,1035,1155,-611
-9632,1044,-3912,74,1782,288
-9788,1596,-4288,-658,2584,1421
-10460,1440,-4632,-1670,3191,2623
-11492,1288,-5616,-2742,3946,3861
-12684,2320,-6388,-4461,4346,4843
-12544,2060,-5624,-5888,4322,5653
-12808,2852,-5608,-6670,5090,6223
-13148,3848,-7028,-8107,5014,6621
-13748,4640,-6512,-9353,4946,6904
-15252,5168,-7124,-10232,5059,7377
-18428,7264,-11664,-11708,5909,8721
-21336,7288,-15112,-14787,6386,10868
-22880,8328,-12084,-17140,5733,11933
-20764,9904,-10272,-17815,3765,10932
-18844,11996,-13024,-17916,572,9079
-16440,11048,-11972,-18350,-1568,8093
-13644,8108,-9952,-18293,-403,7865
-13812,8116,-10888,-18948,-170,8159
-12096,8024,-9976,-19193,47,8399
-12588,8352,-9752,-18446,1794,8295
-12872,8900,-10764,-17519,1672,7412
-12752,9264,-11448,-16948,741,6272
-11940,8512,-10152,-16217,184,5076
-11472,8812,-8752,-15056,478,3965
-11552,9516,-10328,-13794,1269,3272
-10444,9920,-9856,-13259,1521,2058
-11004,9736,-7904,-11613,1747,1442
-10816,9432,-7944,-9754,747,374
-9880,9944,-8052,-8508,-6,-477
-9544,9500,-6408,-7561,-571,-1805
-9980,9520,-5436,-6623,-1118,-2245
-8836,9300,-5280,-5360,223,-2434
-7684,9392,-6108,-4791,1066,-2774
-8852,9528,-7388,-4794,1914,-2833
-8820,8656,-6928,-4526,2149,-2787
-9092,7992,-5820,-3123,2859,-2678
-9288,7860,-7488,-2271,2804,-2704
-9140,7288,-8228,-2543,2223,-2680
-8728,6976,-7192,-2699,2661,-2777
-8964,6612,-6888,-2124,3676,-2720
-9500,6432,-7876,-1407,3788,-2651
-9844,6152,-7848,-577,3994,-2767
-10980,6556,-8424,522,4628,-2285
-11408,6228,-9152,1937,4916,-2097
-11624,6496,-9004,2889,5439,-2374
-11752,6820,-9012,3441,5431,-2541
-12228,6812,-8244,5038,6284,-2506
-13480,6944,-8588,7357,6163,-2492
-13660,7080,-9384,8792,5068,-3040
-15604,6740,-9780,10042,4100,-2918
-14976,6556,-9136,11044,3189,-3248
-16412,6688,-10260,11442,1757,-3739
-17040,6608,-8512,11919,8,-4864
-17500,6584,-7560,13306,456,-4933
-18660,7604,-9176,14309,-1599,-4845
-18620,7304,-9284,14640,-2566,-4742
-18152,6572,-8088,15277,-4001,-5168
-17972,7048,-8736,15655,-4979,-6410
-17964,7268,-9704,15015,-6054,-7250
-18584,6280,-7544,14804,-7036,-7176
-17960,5888,-7092,14518,-7709,-7708
-16848,5808,-6516,14719,-7848,-7637
-16428,5388,-7260,14250,-7209,-7759
-16640,4772,-8624,12804,-6911,-7829
-14832,4088,-7588,11235,-7490,-8197
-15328,3756,-6192,10915,-7614,-8210
-15108,3928,-6484,10282,-8231,-8616
-13640,3624,-7244,9037,-8649,-9109
-13740,2492,-6564,7853,-7203,-8651
-12432,1992,-6236,6909,-5374,-8104
-11840,2100,-5828,6083,-5079,-8706
-11852,2036,-6312,4761,-5736,-8898
-12260,748,-5356,3871,-5005,-8534
-12188,88,-5060,3368,-3653,-7002
-11864,-288,-3868,2841,-1950,-5837
-12664,-1204,-3236,3253,-1962,-4906
-11296,-1580,-2860,3071,-2595,-4565
-11640,-1960,-3860,3047,-1113,-3833
-13240,-2068,-4764,2832,-554,-2838
-13912,-2368,-4596,2507,-1970,-2073
-13000,-3480,-2624,2310,-2159,-1267
-12900,-4352,-2412,2239,-894,-458
-13308,-4244,-3524,2344,-57,319
-14116,-3492,-4684,1605,-120,700
-13796,-3924,-3472,714,-926,870
-13392,-4712,-2236,617,527,1306
-14508,-3952,-3604,830,1704,1600
-14244,-3372,-4300,267,1030,1299
-14192,-2956,-4320,-488,-10,671
-15144,-3164,-3404,-694,-621,149
-15284,-3308,-3932,48,1002,215
-15380,-2860,-4496,66,234,144
-15576,-3304,-3044,665,-404,104
-16200,-3996,-3684,827,-613,347
-15060,-3940,-3560,542,-1726,255
-14848,-3712,-2764,1123,-2551,-55
-15300,-4556,-2876,1535,-961,-33
-16040,-5612,-2996,1443,391,594
-16120,-5412,-3004,966,-531,-8
-15616,-5212,-2492,1060,-2901,-587
-15968,-4912,-2780,634,-2478,-1114
-15136,-5820,-2052,660,-983,-506
-15800,-5152,-1904,1158,-782,-689
-15932,-4288,-1588,1295,-2701,-1515
-14160,-4588,-868,1795,-1533,-789
-14732,-4280,-2688,1982,-163,-1153
-15836,-4216,-3348,1265,-308,-1258
-15632,-4100,-1940,810,-1656,-1025
-14796,-4276,-1912,1103,44,-851
-14964,-3380,-2752,449,497,-415
-14832,-4036,-2820,167,1145,-430
-14752,-3932,-2460,-171,653,-178
-14684,-4272,-2344,-165,951,116
-14260,-4152,-2772,-470,1102,-148
-14960,-4152,-2364,-653,1359,-159
-15796,-4464,-1912,-513,1182,-233
-16036,-4548,-1960,-419,542,-10
-15280,-4648,-2500,-450,568,-60
-15060,-4412,-2340,-478,487,-96
-15576,-4472,-2312,-275,35,-35
-15220,-4376,-2272,-207,-404,-64
-14736,-4380,-2552,-269,-299,-41
-14304,-4184,-2448,-522,-40,-418
-15072,-4312,-2060,-417,91,-471
-15184,-4436,-2364,-407,-295,-297
-14524,-4280,-2372,-663,-102,-370
-14588,-4232,-2536,-1020,-53,-376
-14980,-4340,-2476,-1217,111,-315
-14824,-4612,-2284,-1345,68,4
-14536,-4352,-2996,-1804,-434,-64
-14196,-4152,-3416,-2544,-89,-212
-14504,-4436,-2668,-2951,-104,-51
-14692,-4560,-1096,-2580,-22,73
-14972,-4620,-1192,-1793,342,294
-14992,-4528,-1708,-1202,710,343
-14940,-4816,-2244,-1150,643,400
-14892,-4516,-2468,-960,863,475
-15076,-4576,-2904,-1035,1057,257
-15700,-4552,-2308,-1062,747,233
-16024,-4508,-2104,-761,282,200
-15736,-4468,-2796,-524,28,294
-15220,-4516,-2968,-606,-33,63
-15100,-4644,-2340,-668,264,15
-15264,-4748,-1860,-486,-106,-42
-15028,-4472,-2328,-429,-382,-199
-14900,-4404,-2748,-416,20,-7
-14556,-4268,-2516,-652,401,-98
-15108,-4408,-2312,-812,689,-44
-15216,-4092,-2592,-927,616,119
-15000,-4012,-2952,-1171,619,-41
-15004,-4160,-2984,-1570,680,-245
-15292,-4296,-1960,-1466,525,-527
-15152,-4304,-2276,-1034,219,-524
-14888,-4232,-2336,-928,-23,-457
-15200,-4440,-2232,-513,-133,-497
-15188,-4656,-2448,-311,-51,-215
-14828,-4304,-2632,-205,216,-147
-15172,-4216,-2600,-271,153,-76
-15368,-4252,-2604,-337,-148,14
-15260,-4432,-2488,-363,-387,198
-14556,-4104,-2564,-538,-323,63
-14744,-4224,-2660,-591,126,220
-14744,-4300,-2280,-713,248,541
-14788,-4048,-2064,-707,-128,266
-15096,-3876,-2392,-610,-371,84
-15008,-3948,-2556,-685,181,149
-15284,-4080,-2216,-765,498,332
-15248,-4320,-1704,-657,293,406
-15228,-4084,-2048,-369,73,214
-15312,-3876,-2704,-556,-264,44
-15172,-4140,-2204,-729,-481,-25
-15392,-4148,-1656,-481,-432,-102
-15408,-4036,-1808,-231,-329,-124
-15136,-4120,-2308,-271,-261,-236
-15204,-4152,-2208,-365,-69,-237
-15048,-4280,-1728,-335,72,-155
-15144,-4132,-1564,-141,86,-169
-15380,-3988,-1988,12,-58,-288
-16096,-3768,-2188,-217,-673,-438
-15184,-4288,-2012,-329,-1194,-461
-14672,-3960,-1984,-153,43,-314
-14944,-4076,-1816,-187,425,-609
-15636,-3892,-1672,-125,636,-529
-15684,-4100,-1788,-210,42,-370
-15048,-3972,-1948,-284,149,-574
-14792,-3976,-2060,-402,377,-692
-14940,-4196,-1916,-557,600,-556
-14996,-4152,-1540,-572,486,-425
-14712,-4028,-1812,-448,603,-537
-15252,-3960,-1924,-397,391,-517
-15004,-4200,-1816,-299,553,-533
-15000,-4284,-1892,-302,358,-239
-14760,-4256,-1896,-391,747,-90
-15036,-4192,-1908,-437,722,-67
-15352,-3984,-1708,-403,484,-102
-15264,-4112,-1860,-365,280,-94
-14936,-4108,-1872,-492,535,2
-15100,-4068,-1936,-551,647,43
-15260,-4068,-1992,-566,565,109
-15236,-4136,-1912,-497,546,189
-15492,-4172,-1836,-427,419,189
-15160,-4184,-2148,-420,284,243
-15088,-4208,-2292,-593,387,201
-15180,-4208,-1844,-634,472,222
-15180,-4124,-1816,-687,487,359
-15444,-3916,-2160,-781,414,546
-15364,-4120,-1976,-878,276,541
-15064,-4156,-1832,-888,617,670
-14552,-4348,-1412,-640,274,281
-15188,-4068,-1924,-364,220,353
-15360,-3848,-2068,-446,216,248
-15392,-3820,-2244,-450,280,178
-15352,-4032,-2108,-589,459,188
-15236,-4004,-1796,-583,395,63
-15308,-3856,-1956,-468,53,69
-15072,-3744,-2116,-313,88,28
-15248,-3652,-2272,-373,33,-48
-15044,-3756,-1880,-503,122,-97
-15144,-3832,-1896,-438,191,-23
-14848,-3752,-1824,-416,266,-20
-15140,-3808,-1904,-506,232,105
-15108,-3720,-2052,-646,333,120
-15016,-3804,-2060,-760,338,115
-15400,-3920,-1812,-809,303,123
-15480,-3788,-2040,-812,183,171
-15272,-3964,-1708,-832,342,198
-15296,-3928,-1652,-707,362,290
-14720,-4032,-1740,-686,318,107
-14780,-3788,-1800,-601,318,-15
-15124,-3544,-2016,-572,523,107
-15436,-3504,-2140,-508,413,263
-15348,-3396,-1988,-518,240,137
-15200,-3584,-1980,-526,43,38
-14764,-3620,-1844,-525,338,18
-15180,-3616,-2148,-473,638,177
-15236,-3704,-1944,-482,656,277
-15352,-3672,-1996,-435,674,239
-15544,-3600,-2152,-434,535,220
-15404,-3636,-2012,-491,474,168
-15276,-3804,-2240,-491,631,206
-15408,-3832,-1720,-279,293,166
-15088,-3660,-1764,-130,344,118
-15188,-3560,-2088,-77,482,199
-15224,-3432,-2084,-73,502,169
-15388,-3460,-1940,-187,358,103
-15400,-3484,-1712,-186,485,-17
-15384,-3172,-1964,-267,572,-48
-15480,-3468,-1972,-301,591,-100
-15328,-3592,-2092,-262,411,-225
-15192,-3376,-2048,-197,395,-217
-15156,-3320,-2100,-144,441,-349
-15248,-3504,-2172,-135,385,-368
-15144,-3584,-2084,-59,360,-363
-15252,-3436,-2084,-111,343,-279
-15404,-3420,-2160,-111,294,-235
-15396,-3236,-2276,-162,209,-173
-14908,-3340,-1916,-221,176,-65
-15044,-3284,-1936,-201,462,102
-14996,-3348,-1924,-214,613,262
-15132,-3332,-2060,-290,631,192
-15400,-3304,-2256,-334,375,140
-15224,-3372,-2256,-454,380,128
-15300,-3320,-2156,-484,664,292
-15348,-3324,-2160,-464,459,281
-15076,-3216,-2104,-395,328,165
-15224,-3284,-2292,-355,258,226
-15444,-3284,-2148,-314,342,353
-14960,-3272,-2116,-316,183,393
-15068,-3204,-2012,-387,386,406
-15604,-3204,-2020,-382,540,381
-15296,-3140,-2120,-464,325,379
-15348,-2944,-2396,-512,362,376
-15276,-2952,-2304,-551,352,304
-15256,-3100,-2216,-585,347,268
-15276,-3188,-2132,-661,459,326
-15220,-3260,-2188,-657,513,385
-15332,-3112,-2160,-665,563,459
-15336,-3084,-2032,-605,681,427
-15492,-3224,-1880,-573,680,389
-15512,-3240,-2196,-475,378,339
-15548,-3220,-2252,-426,106,358
-15488,-3276,-2020,-398,-119,255
-15508,-3240,-1684,-369,-103,200
-15352,-3268,-1800,-224,-571,134
-15328,-3052,-1888,-168,-277,12
-15364,-2984,-2372,-398,-69,34
-14992,-3140,-1956,-550,143,-141
-15432,-2956,-1972,-408,127,-270
-15832,-2840,-2068,-403,262,-199
-15540,-2852,-2012,-468,127,-243
-15400,-2840,-1772,-601,143,-191
-15324,-3092,-1704,-558,535,-124
-15068,-3100,-1560,-411,356,-126
-14860,-2948,-2080,-387,320,-176
-14964,-3008,-2096,-504,612,-218
-14912,-2908,-2048,-660,775,-169
-14688,-3132,-1952,-673,578,-229
-14396,-3368,-1480,-585,711,-94
-14572,-3104,-1736,-567,1209,-18
-15284,-2916,-2132,-521,1089,130
-16280,-2752,-2120,-519,1126,610
-16108,-2616,-2036,-485,625,652
-15992,-2536,-2336,-473,691,786
-15892,-2624,-2364,-608,275,866
-15592,-2684,-1796,-680,252,1151
-15456,-2644,-1788,-457,339,1077
-15432,-2488,-2120,-365,489,1070
-15508,-2192,-2256,-387,407,805
-15444,-2852,-2036,-560,271,666

