accX,accY,accZ,gX,gY,gZ
-1144,16772,924,-1131,-96,527
-1256,16116,956,-1037,177,546
-1356,15820,840,-991,313,443
-1128,15652,800,-1110,364,263
-1092,15576,1212,-934,303,45
-1188,15888,1396,-601,-155,137
-1124,15868,1416,-613,-417,381
-880,14984,788,-1123,-116,562
-520,14852,288,-1571,294,342
-332,15292,820,-1441,662,-389
-948,16768,1036,-806,639,-695
-924,16984,896,-296,-18,-517
-800,16468,416,-426,-434,-389
-500,16548,316,-818,-401,-496
-760,16192,1292,-587,-129,-639
-972,16536,1196,-312,-158,-407
-1032,16100,1220,-452,-443,-387
-648,16648,1060,-664,-408,-562
-988,16352,1652,-603,-147,-580
-1008,15916,1648,-465,-160,-372
-540,15544,888,-764,141,-461
-432,15740,616,-1312,967,-717
-736,15468,1052,-1384,1744,-826
-1100,15160,608,-1078,1761,-779
-1556,15960,720,-754,770,-704
-2064,15444,1416,-152,-1048,-241
-1632,15308,1296,337,-2232,195
-1176,15148,960,279,-2519,220
-1100,15320,1016,-18,-1811,146
-884,15640,1148,-243,-835,16
-828,16412,908,-343,397,-165
-1288,16732,956,-388,1362,-90
-1436,16512,960,-254,1836,-8
-1640,16104,656,-221,1983,-197
-1648,16288,484,-123,1869,-507
-1840,16292,456,94,1649,-735
-1844,16464,580,208,1146,-755
-1756,16592,532,370,701,-919
-1300,16660,672,664,494,-1183
-1152,16532,796,884,949,-1458
-1088,16460,292,678,1755,-1607
-1264,15780,496,270,2364,-1773
-1364,15236,696,271,2467,-2018
-1448,15312,624,512,2285,-2218
-1632,15304,368,670,1809,-2144
-1628,15808,264,801,911,-2043
-1556,16264,368,1052,64,-1878
-1528,16128,288,1132,-639,-1587
-1568,15860,348,1278,-1391,-1296
-1376,15576,720,1635,-1821,-1243
-1196,16396,664,1674,-1889,-1138
-1148,16756,528,1428,-1732,-934
-900,16592,228,987,-1484,-791
-840,16440,916,895,-1211,-864
-884,16652,892,1127,-643,-822
-1292,16620,716,1051,-780,-615
-1848,16076,692,990,-2035,-92
-1780,15380,948,1015,-3753,350
-1340,16076,748,928,-4538,733
-1492,16248,692,586,-4935,1326
-1608,16240,620,234,-5128,1861
-1236,16260,436,-212,-5202,2131
-1316,16452,264,-532,-5068,2102
-1448,16320,328,-672,-4864,2070
-1404,15740,20,-710,-4702,1888
-1468,15512,-304,-1027,-4481,1626
-1428,16164,-188,-1397,-4234,1481
-1724,16820,4,-1651,-3933,1615
-1724,17264,-172,-2007,-3608,2003
-1644,17500,-532,-2365,-3154,2313
-1684,17468,-252,-2434,-2592,2355
-1356,16904,-256,-2076,-1802,1929
-1376,16076,-748,-1807,-534,1196
-1704,15528,-388,-1517,417,414
-2196,15284,-184,-930,459,-230
-2372,15276,-140,-521,20,-547
-1760,15536,-468,-696,4,-631
-1308,15292,-404,-1051,860,-727
-1228,15352,-492,-1360,2080,-877
-1556,16104,-160,-1430,2769,-864
-1968,16312,-152,-1506,2895,-575
-1836,16488,-492,-1771,2820,-251
-1204,17000,0,-1912,3388,-278
-296,16848,256,-1517,5220,-609
-116,16792,224,-1294,8069,-1130
-1144,15952,-64,-1434,10190,-1319
-1768,14296,648,-1077,9846,-1377
-2192,14468,668,-420,7768,-1873
-2052,15048,548,-114,5361,-2041
-1756,15984,992,0,3538,-1539
-1456,16308,1188,88,2292,-679
-1092,16668,1396,257,1660,92
-1116,17060,1776,437,1587,590
-1232,16664,2000,614,1239,916
-1404,15864,2124,633,629,980
-1440,15680,2016,158,-388,958
-800,16276,2172,-382,-871,794
-608,16624,2136,-996,-8,826
-708,16812,1612,-1455,1062,1060
-1176,17008,1516,-1817,1135,766
-1256,16980,1028,-1869,783,513
-816,16384,764,-2132,660,141
-872,15904,432,-2438,898,-5
-756,15076,248,-2417,1329,-78
-664,14852,56,-1935,1766,-142
-1224,15340,-144,-1230,1473,-50
-1840,15300,-300,-523,445,407
-1736,15572,-440,-378,-969,363
-1340,15592,-184,-297,-2057,92
-944,15536,228,82,-1630,-109
-900,15924,404,539,-589,-44
-1016,16168,300,822,365,-4
-1104,16480,184,892,988,-173
-1500,16496,660,954,1022,-171
-1140,15720,1104,1386,536,-298
-780,15556,1012,1485,344,-582
-384,15360,1512,1014,732,-580
-980,15384,1720,707,722,-366
-764,15996,1924,397,431,-271
-492,17116,1656,15,619,-130
-808,17516,1108,-351,883,36
-944,16444,1108,-658,559,6
-780,16128,884,-498,193,-218
-336,16520,1004,-281,520,-456
-596,17052,452,-474,1124,-298
-668,17048,580,-813,1576,-280
-832,16712,604,-1091,1637,-426
-592,16420,240,-1275,2279,-731
-792,15916,324,-1720,2662,-908
-816,15700,296,-1877,2731,-968
-1348,15856,104,-1578,2340,-1028
-1376,15720,456,-1080,1382,-956
-1536,16004,100,-919,576,-809
-1440,16200,136,-1115,103,-696
-1140,16856,456,-1120,222,-861
-1644,16768,568,-954,299,-959
-1756,16152,912,-633,-20,-954
-1852,15492,1184,-109,-774,-1026
-1660,15544,816,135,-1520,-1315
-1628,15564,728,-175,-1858,-1239
-1708,15556,1020,-522,-2108,-864
-1988,15444,1136,-551,-2799,-406
-2128,15364,948,-508,-4059,2
-2096,15124,900,-286,-5107,310
-1852,15440,848,-56,-5867,478
-1592,15584,604,-182,-5810,435
-1404,16040,472,-545,-5051,280
-1048,16140,592,-753,-3780,13
-960,16176,544,-806,-2104,-323
-1084,16164,624,-731,-383,-728
-1148,16340,616,-504,1171,-1172
-1440,16236,544,-453,2149,-1539
-1344,15488,232,-608,2825,-1888
-1516,15252,160,-700,3532,-2236
-1772,15372,276,-483,3725,-2354
-2068,15660,272,-50,3277,-2153
-2276,15640,496,279,2439,-1650
-2076,15704,632,576,1674,-1103
-1640,16440,1084,687,1777,-642
-1460,16588,1500,474,3047,-204
-1484,16836,1648,-64,5135,-149
-2060,16820,1872,-589,6651,-433
-2748,16856,1960,-1012,6239,-743
-3168,16616,1752,-1297,4400,-991
-2628,16308,1624,-1496,2549,-904
-2140,16312,1792,-1581,1354,-774
-1972,16380,1736,-1461,590,-547
-1740,16276,1492,-1617,226,-141
-1848,15868,1124,-1911,89,413
-2036,15116,1288,-1772,155,793
-2128,15096,972,-1557,-48,1098
-2432,15356,684,-1243,-608,1298
-2816,15980,232,-1239,-2369,1189
-2652,15956,408,-1258,-3432,1945
-1800,15732,532,-863,-3693,2077
-1620,15528,312,-621,-3259,1763
-1540,16216,544,-229,-2405,1273
-1884,16720,928,143,-1822,861
-2208,16724,1068,297,-1828,659
-2304,16316,1092,-54,-2393,339
-1328,15664,1408,-488,-2662,-333
-788,15504,1604,-583,-1899,-730
-752,15832,1660,-672,-693,-840
-852,15692,1972,-543,296,-317
-1176,15876,2360,-415,388,122
-1420,15932,2156,-351,134,738
-1236,15992,1720,-653,257,1043
-1292,15772,1900,-914,328,958
-1512,15616,1884,-1150,71,466
-1600,16056,1564,-1249,22,159
-1112,16224,1816,-988,491,-347
-988,15728,1872,-521,1414,-620
-2048,16480,1360,-1116,1498,-999
-2228,16048,1424,-1280,1263,-405
-1596,15844,1404,-1458,1089,-400
-1608,16116,1108,-1494,736,-512
-2076,15884,1064,-1255,456,-611
-1696,15500,880,-620,288,-436
-1824,15720,1208,-616,-432,-820
-1912,15900,380,-476,-906,-463
-1572,15348,552,-322,-1335,-616
-1416,15524,164,-216,-1587,-323
-1548,15648,40,12,-1823,-453
-1528,15820,232,247,-2147,-376
-1520,15960,260,493,-2622,-385
-1184,15924,684,813,-2470,-430
-592,16140,1452,1001,-1180,-659
-368,16120,1964,917,1089,-821
-484,16132,2056,593,3522,-797
-1068,16184,2404,244,4586,-756
-1720,16128,2560,86,3984,-558
-1956,16044,2380,-13,2399,-368
-1860,15936,2048,-100,874,-153
-1708,15924,1796,-80,-130,7
-1576,16080,1268,82,-811,71
-1432,16148,984,65,-1095,117
-1292,16152,904,-115,-1105,138
-1356,16080,472,-317,-934,136
-1252,16216,612,-330,-588,24
-1168,16044,432,-267,-206,-106
-1228,15940,428,-260,91,-280
-1248,16024,492,-294,274,-437
-1124,16148,848,-319,468,-524
-696,15996,1488,-203,916,-655
-568,16236,1112,-454,2205,-810
-932,16136,1016,-900,3423,-613
-1440,16040,1324,-920,3686,-336
-1480,16120,1112,-624,3220,-312
-1696,16196,672,-710,2521,-241
-1696,16012,1152,-749,1730,-114
-1252,16136,1260,-538,1400,-289
-1200,16176,948,-755,2202,-308
-1692,16060,1084,-985,3005,150
-2120,16052,1160,-918,2667,381
-2096,16048,964,-857,2015,344
-2420,16020,828,-768,780,271
-2396,16052,860,-603,-484,235
-2080,16128,812,-556,-1560,248
-1996,16048,672,-580,-2056,163
-1796,15972,684,-548,-2166,209
-1712,15952,832,-444,-2018,172
-1948,15796,816,-288,-2033,169
-1896,15864,732,-82,-2376,142
-1924,15788,964,79,-2601,125
-1460,15984,1012,149,-2492,143
-1176,15860,1212,157,-1755,42
-1164,15844,1352,-37,-728,11
-1308,15852,1380,-226,85,-44
-1484,15868,1420,-321,329,-22
-1504,16028,1368,-271,292,-8
-1448,16040,1128,-275,299,9
-1404,16008,1076,-343,234,47
-1684,15988,1168,-369,-74,-39
-1608,16056,892,-467,-503,-126
-1580,16176,1008,-515,-809,-154
-1572,16268,832,-585,-1087,-175
-1608,16196,924,-589,-1330,-156
-1404,16364,960,-567,-1431,-201
-1268,16280,824,-669,-1235,-164
-1240,16324,856,-811,-877,-160
-1112,16324,748,-978,-635,-56
-1180,16240,636,-996,-461,17
-1148,16332,616,-964,-361,59
-952,16232,1048,-767,-247,55
-884,16252,944,-736,-38,77
-912,16192,980,-955,140,327
-976,15996,1156,-997,-279,434
-1052,15484,1736,-791,-870,553
-836,15536,2136,-591,-1689,619
-396,15548,2120,-816,-1691,797
-164,15916,2460,-1212,-955,941
-464,15928,2612,-1471,-266,967
-704,15948,2176,-1805,498,1127
-684,15868,2148,-1813,523,840
-1380,15752,1936,-1576,287,575
-1024,15928,1720,-1386,15,310
-1104,15928,1508,-1223,405,194
-1180,15972,1328,-1332,732,51
-1448,15852,1340,-1303,850,-124
-1452,15948,1592,-1080,961,-180
-1220,15668,1736,-914,1285,-285
-1368,15596,1860,-972,1583,-399
-1236,15592,2012,-1017,1684,-583
-1180,16060,2280,-1040,1621,-656
-984,16136,2212,-1127,1797,-626
-760,16256,2428,-1226,2271,-619
-780,16532,2340,-1249,2791,-768
-664,16552,2548,-1183,2991,-865
-836,16328,2596,-1107,3134,-970
-812,15796,2520,-1238,3274,-1092
-1144,15148,2264,-1447,2804,-1242
-952,14856,2520,-1422,2560,-1217
-968,15256,2816,-1272,2909,-903
-1352,15396,2872,-895,2868,-385
-1628,15444,2684,-650,2337,224
-1504,15324,2684,-619,1859,570
-1448,15296,2632,-638,1643,693
-1884,15456,2732,-584,783,830
-1988,15284,2656,-327,-439,852
-1428,15276,2416,-143,-608,899
-1436,15396,2528,-198,-147,714
-1340,15256,2520,-343,243,315
-1340,15440,2412,-441,576,-121
-1644,15580,2272,-432,382,-469
-1500,15704,2220,-296,-128,-751
-1000,16128,2476,-68,89,-919
-824,16588,2536,31,939,-928
-700,16300,2348,-130,2142,-853
-1136,15764,2112,-310,3092,-924
-1908,15268,1428,-288,2749,-1145
-2552,15192,1100,53,1175,-1372
-2048,15324,1268,400,-41,-1550
-1500,15392,1588,577,392,-1489
-724,15736,1884,516,2860,-1392
-568,15856,2028,585,5851,-1477
-1412,15900,1956,377,6995,-1409
-2536,16148,1876,309,5770,-1167
-2412,16012,1648,396,3638,-749
-2280,16288,1452,231,2139,-537
-1956,16084,1332,220,1464,-363
-2024,16220,1336,191,943,-409
-2084,16312,1096,351,346,-423
-1760,16468,1156,362,171,-302
-1532,16300,1096,208,602,-209
-1484,15980,1300,109,1067,-173
-1696,15828,1328,105,1139,-142
-1868,15812,1288,156,948,-79
-2024,16028,1124,210,360,23
-2144,15988,812,126,-305,190
-2180,16064,516,90,-1024,291
-2060,15852,988,158,-1506,381
-2036,15616,1372,237,-1106,525
-2100,15704,1588,250,-377,616
-2496,15496,1564,201,-163,648
-2668,15404,1292,283,-622,538
-2868,15604,920,345,-1350,355
-2832,15744,688,369,-2077,170
-2628,15776,644,382,-2477,10
-2280,15956,580,322,-2542,-263
-2092,16288,704,287,-2623,-441
-1780,16468,792,198,-2728,-567
-1536,16444,1024,61,-2871,-666
-1320,16264,780,-107,-2871,-730
-740,16180,1632,-224,-2857,-788
-936,15928,1528,-148,-2566,-888
-576,16156,1568,-147,-2303,-950
-520,16248,1484,-118,-1854,-785
-420,16272,1332,-224,-1430,-677
-544,16212,1076,-302,-892,-588
-500,16228,1160,-338,-412,-543
-664,16384,796,-330,14,-381
-664,16432,864,-438,458,-198
-676,16516,1132,-577,930,-58
-860,16492,1152,-858,1378,-40
-852,16388,1288,-971,1717,-36
-792,16252,1388,-962,2202,16
-944,16448,1392,-1002,2361,71
-1068,16500,1244,-1375,2335,119
-988,16248,1520,-1492,2371,108
-1124,16248,1556,-1574,2424,285
-996,16048,1564,-1644,2494,391
-1260,16056,1588,-1737,2460,580
-1560,16144,1276,-1933,2264,615
-1508,16116,1260,-1943,2391,690
-1604,15792,1300,-1876,2418,724
-1768,15940,1376,-1809,2363,666
-1940,15968,1404,-1723,2272,614
-2136,15820,1420,-1733,1922,615
-2116,15704,1540,-1697,1781,573
-2188,15344,1580,-1571,1793,547
-2192,15500,1532,-1434,1746,428
-2276,15504,1532,-1288,1709,389
-2292,15308,1656,-1271,1595,328
-2316,15408,1632,-1202,1693,153
-2472,15356,1428,-1112,1763,-19
-2524,15524,1572,-1038,1850,-137
-2420,15540,1596,-1037,1996,-245
-2304,15652,1648,-1014,2123,-381
-2484,15732,1572,-922,2171,-575
-2384,15672,1708,-783,1985,-625
-2288,15688,1704,-592,1654,-741
-2308,15564,1836,-421,1193,-740
-2144,15564,1756,-479,726,-725
-1924,15796,1776,-566,427,-672
-1720,15816,1764,-696,370,-637
-1564,15908,1956,-793,421,-699
-1512,16012,1788,-935,567,-737
-1332,15996,1832,-992,835,-806
-1244,16036,1928,-1018,1293,-834
-1268,15832,1880,-891,1944,-702
-1332,15656,1932,-743,2507,-598
-1572,15676,1896,-715,3052,-404
-1860,15500,1732,-757,3530,-316
-2276,15580,1808,-710,3697,-261
-2620,15484,1808,-541,3653,-310
-2696,15584,1648,-412,3538,-342
-2788,15712,1684,-346,3261,-379
-2876,15800,1772,-373,3110,-441
-2964,15768,1648,-435,2656,-494
-2860,15904,1612,-464,2292,-535
-2772,15896,1832,-426,1863,-587
-2732,15800,1700,-428,1620,-557
-2676,15776,1808,-429,1436,-519
-2520,15864,1724,-477,1226,-459
-2480,15868,1768,-449,930,-424
-2472,15952,1692,-430,623,-352
-2392,16092,1700,-471,400,-272
-2260,16188,1488,-579,348,-166
-2144,15936,1488,-515,398,-92
-2068,15892,1548,-439,477,-185
-2272,15932,1348,-350,529,-151
-2488,15640,1544,-315,169,-146
-2876,15292,1944,-6,-820,-67
-2864,15648,2024,251,-2144,35
-2524,15972,2244,136,-2963,192
-2012,15748,3104,127,-3580,-105
-2416,15816,2248,-241,-3933,-478
-2880,16124,2136,-1298,-4305,-26
-3048,15836,2168,-1579,-5724,691
-2996,15868,2032,-1590,-7472,1181
-1832,15772,2048,-1415,-8462,1446
-1420,15792,1808,-1199,-7632,1527
-1080,15860,1672,-1206,-5987,1362
-1168,16176,1512,-1324,-4003,1067
-1400,16496,1464,-1298,-2668,776
-1696,16368,1384,-1099,-2013,330
-1116,15600,1788,-546,-1473,-275
-1760,15860,1744,-131,-551,-327
-2096,15564,1760,83,-140,-15
-2420,15188,1924,206,-708,203
-2572,14896,2036,624,-2010,123
-2672,14952,2416,1002,-3326,228
-2408,15132,2436,1346,-4297,276
-1876,15160,2532,1396,-4598,339
-1508,15504,2464,1241,-3854,291
-1332,15892,2464,969,-2741,297
-1416,16096,2452,837,-1502,280
-1324,16304,2024,688,-421,-2
-1220,16220,1932,470,860,-499
-1280,15976,1804,424,1716,-1201
-1360,16016,1776,536,2063,-1978
-1620,15976,1868,803,1716,-2783
-1304,16104,1976,919,1105,-3501
-1128,16032,2244,932,942,-4034
-904,16028,2404,908,1024,-4315
-884,16012,2748,968,750,-4472
-908,16088,3232,1016,188,-4315
-684,16108,3392,1011,-352,-3925
-428,16280,3260,820,-562,-3365
-412,16148,3296,341,-537,-2566
-404,15924,3076,-303,-383,-1650
-588,15472,2980,-953,-181,-734
-840,14988,2616,-1435,-232,129
-1048,14832,2424,-1557,-249,853
-1136,14788,2008,-1575,-362,1489
-1336,15084,1656,-1506,-527,2049
-1496,15300,1408,-1357,-916,2509
-1648,15516,1384,-1084,-1503,2808
-1752,15496,1320,-672,-1997,2900
-1484,15076,1248,-209,-2211,2703
-1500,14880,1144,232,-1881,2251
-1640,14628,1192,423,-1473,1742
-1656,14304,1224,444,-1036,1161
-1720,14068,1644,616,-595,597
-1708,14472,1712,902,53,107
-2160,16248,1784,908,609,121
-2152,17424,2692,742,1702,418
-2072,17516,2116,341,3947,724
-2444,17940,1568,-486,5229,175
-3516,16652,1956,-826,4120,-531
-3308,15884,1352,-469,2568,-838
-2676,15932,948,-170,1402,-1315
-2300,16176,852,-182,1043,-1516
-2152,16384,688,-191,837,-1507
-2156,16324,376,-194,744,-1096
-1940,15936,360,100,771,-893
-2032,15480,212,436,510,-695
-2272,15288,224,853,-64,-415
-2448,15004,148,1200,-1049,-288
-2536,15044,64,1324,-2304,-135
-2452,15476,112,1195,-3315,64
-2216,15844,196,1042,-3847,231
-2032,16168,216,981,-3737,318
-1832,16244,288,1102,-3131,540
-1828,16380,256,1220,-2393,603
-2224,16244,456,1504,-1960,606
-2268,16296,536,1446,-1892,444
-1784,16400,1060,1350,-1057,445
-1288,16692,1372,1096,1153,264
-1248,16784,1724,698,3907,-43
-1868,16820,1552,224,5826,-382
-2236,16492,1244,-211,6241,-608
-2244,16564,1200,-458,5640,-680
-2292,16584,972,-450,4594,-680
-2096,16420,420,-571,3537,-622
-2080,16184,124,-1027,2435,-497
-2160,15844,476,-1711,728,-714
-1432,15940,576,-1926,-78,-358
-1584,15776,524,-1730,-552,-456
-1204,15884,544,-1398,-1305,-517
-1436,16600,-84,-863,-1450,-280
-1472,16836,-348,-529,-1470,-473
-1432,17296,-744,-560,-1616,-638
-1268,17108,-668,-927,-1658,-870
-868,16480,-512,-1148,-1060,-1028
-676,15908,-400,-1187,-39,-1349
-1000,15708,-308,-1068,630,-1584
-816,15440,-216,-998,1377,-1629
-552,15496,520,-852,2856,-1611
-320,16252,1128,-482,4550,-1238
-644,16736,1784,-192,6254,-428
-828,16736,2288,-34,7826,583
-1388,16600,2064,-456,7871,1209
-1780,15696,2488,-897,6697,1642
-2544,15416,2080,-946,4850,1895
-2820,15316,1812,-833,2929,2168
-2888,15444,1936,-547,1740,2191
-3304,15132,1332,-317,375,1882
-3484,15212,912,-452,-1480,1742
-3104,15212,708,-556,-3314,1795
-2868,15152,728,-461,-4190,1939
-2528,15156,812,-441,-5184,1978
-2284,15160,1040,-166,-5948,1903
-1616,15680,1180,-153,-6243,1948
-1136,16020,1660,-509,-5822,2040
-528,16052,1712,-730,-4828,2035
-288,16040,1956,-751,-3434,1774
-608,16328,1732,-754,-2415,1359
-1016,16532,1372,-339,-1976,756
-1788,17120,748,-600,-2764,-93
-1908,16792,-72,-784,-4115,-1096
-968,16096,-196,-1036,-4553,-2372
-268,15632,152,-1354,-3705,-3408
112,15456,172,-1056,-1825,-3971
0,15620,432,-304,529,-4232
-452,15880,492,-152,1431,-4010
-732,15916,276,-214,1374,-3664
-592,15824,148,-467,934,-2910
-396,15684,540,-530,874,-1951
-212,15844,880,-695,753,-1095
-424,16160,724,-525,823,-221
-400,16236,796,-323,1333,375
-584,16548,676,-215,1675,577
-828,16436,640,-376,1747,355
-976,16396,684,-538,1695,118
-996,16392,924,-622,1730,-239
-888,16252,928,-724,1971,-477
-1004,16304,864,-871,2238,-543
-1056,16288,624,-977,2332,-456
-1328,16252,668,-953,2408,-300
-1320,16176,552,-914,2460,-95
-1540,16044,648,-863,2525,121
-1636,16176,676,-914,2472,291
-1824,16220,740,-1011,2326,379
-1880,16168,740,-948,2213,489
-1924,16044,948,-829,2116,488
-2012,16156,784,-746,1945,461
-2008,16088,944,-725,1651,496
-2024,16180,936,-730,1411,516
-1984,16000,924,-789,1253,511
-1912,15932,1108,-755,1004,593
-1788,15872,1444,-602,623,621
-1616,15896,1316,-478,421,697
-1572,15920,1280,-569,261,756
-1636,15900,1220,-738,-29,725
-1548,15736,1452,-799,-409,660
-1460,15948,1244,-827,-697,672
-1432,15996,1128,-827,-798,627
-1472,15836,1232,-796,-730,615
-1588,15884,1012,-702,-665,496
-1532,15652,1192,-555,-694,446
-1692,15760,1028,-387,-716,394
-1692,15648,1344,-255,-727,458
-1772,15636,1368,-78,-729,506
-1764,15640,1356,-6,-651,569
-1792,15616,1316,-34,-598,517
-1688,15680,1316,-3,-467,405
-1740,15692,1488,15,-375,256
-1836,15708,1528,40,-424,97
-1780,15856,1408,70,-471,-10
-1692,15872,1668,35,-356,-86
-1484,15940,1468,37,-217,-170
-1564,15912,1292,28,-204,-277
-1368,15908,1468,-55,-494,-446
-1356,16092,1460,-121,-541,-519
-1204,15912,1308,-127,-490,-484
-1240,15980,1444,-198,-529,-619
-1192,16148,1324,-275,-668,-557
-1072,16036,1316,-246,-592,-539
-1156,16024,1256,-159,-472,-543
-1084,15948,980,-173,-410,-548
-1160,15948,1028,-111,-309,-531
-1144,16044,1240,-301,-529,-707
-1064,15940,1168,-362,-423,-598
-996,15900,1252,-259,-195,-665
-1396,16248,1064,-549,-186,-955
-1256,16156,936,-538,56,-729
-1212,15960,1340,-472,-23,-995
-1052,16112,952,-377,-93,-863
-1136,16028,892,-509,-298,-1084
-1244,16160,1084,-623,-316,-940
-936,15976,1104,-523,348,-1011
-860,15892,1020,-394,944,-935
-768,15976,1212,-149,1530,-904
-600,16128,1344,-175,2382,-1044
-740,15892,928,-47,4251,-982
-1348,16072,1112,-866,4762,-751
-1756,16280,928,-1106,4662,-522
-1184,15600,1404,-364,5520,-669
-1096,16180,1016,-433,6501,-887
-1728,16476,424,-928,7421,-840
-2108,15908,792,-840,7466,-786
-2232,16164,564,-421,6606,-678
-2520,16004,220,-149,4943,-736
-2276,15628,572,-222,2984,-738
-2024,16308,404,-310,1454,-610
-1232,15860,708,13,1921,-717
-1104,16112,296,-47,3233,-569
-1752,16432,-140,-571,4091,-366
-1824,15800,300,-505,4447,-301
-1712,15844,600,-441,4129,-460
-2132,16228,320,-348,4092,-297
-2156,15952,524,-283,3710,-90
-2112,15748,308,-130,3317,-40
-2056,15944,200,-138,2831,-243
-2164,16348,24,-371,2144,-352
-2132,15796,212,-148,1485,-336
-2064,15896,-128,61,861,-188
-2148,15924,-264,464,262,65
-2396,15868,-340,754,-798,370
-2500,16156,-420,845,-2493,790
-2576,15988,-496,636,-4424,1086
-2400,15996,-252,488,-6010,1263
-1992,16076,-212,595,-6888,1248
-1696,15964,-208,717,-7149,1191
-1816,15836,-316,903,-7383,1044
-1800,15788,-144,992,-7814,898
-1784,16116,-272,993,-8403,655
-1036,16384,72,1044,-7969,429
-464,16572,112,903,-5853,222
-188,16176,508,614,-2680,-2
-256,15932,1308,680,935,-315
-284,16368,804,683,3901,-764
-1304,16404,96,-165,5909,-804
-1996,15908,252,-780,5776,-437
-2392,15636,536,-602,4646,-249
-1436,16012,388,-85,3881,-549
-1724,16336,-160,-276,3995,-478
-2092,16292,16,-533,3498,-78
-2112,16200,64,-438,2545,-131
-1732,16204,164,-339,1552,-303
-1348,16512,-248,-437,1666,-388
-1068,16312,-108,-695,2421,-289
-1468,16088,-136,-809,2736,-258
-1912,16104,-384,-795,2139,-352
-1700,16308,-372,-1033,1119,-328
-1300,16280,-604,-1189,1075,-301
-1436,15756,-656,-1203,1362,-97
-2112,15920,-772,-1066,962,181
-1996,15860,-844,-878,-177,343
-2144,16272,-716,-742,-1597,354
-2012,16112,-864,-687,-2736,337
-1652,16132,-424,-500,-3549,175
-1224,16264,-380,-387,-3337,-150
-1068,16148,-232,-623,-2194,-202
-1092,15848,128,-703,-910,-213
-1304,15592,188,-386,-12,-128
-1528,15744,20,-225,423,-100
-1852,15932,-28,-210,377,-84
-1868,15832,100,-254,57,-20
-1716,16052,84,-235,-162,-2
-1504,16428,-260,-487,81,-102
-1500,16020,84,-612,561,-169
-1588,16152,308,-340,900,-205
-1664,16324,292,-158,906,-423
-1652,16420,132,-201,839,-429
-1552,16080,420,-362,677,-517
-1536,16172,628,-470,555,-606
-1096,16380,840,-486,589,-765
-908,16232,688,-827,1401,-798
-1116,15900,784,-987,2157,-349
-1304,15808,700,-993,2316,-14
-1612,16080,600,-1031,1739,348
-1500,15776,416,-1170,824,699
-1564,15928,308,-1296,42,1210
-1344,15840,536,-1374,-604,1568
-1296,16164,188,-1413,-957,1727
-1432,16104,156,-1479,-1347,1875
-1132,16060,132,-1505,-1430,1821
-1324,16188,88,-1433,-1233,1806
-1348,16428,136,-1432,-1000,1652
-1300,16108,80,-1401,-704,1387
-1400,16004,156,-1243,-330,1028
-1696,16092,348,-1074,-263,757
-1664,15884,224,-925,-226,397
-1776,15924,148,-879,-227,158
-1760,15708,8,-791,-109,-7
-1920,15896,120,-717,113,-231
-2048,15896,88,-505,130,-339
-2340,15812,272,-265,-103,-346
