accX,accY,accZ,gX,gY,gZ
-15372,1816,-6160,-176,-461,146
-15868,1996,-6380,-611,-188,-65
-15704,2168,-5708,-856,-85,-19
-14808,2044,-5468,-1002,335,-79
-14084,2080,-5176,-1118,942,-249
-14180,1952,-4920,-969,1149,-346
-14568,2056,-4964,-687,1201,-362
-15188,2060,-5124,-394,1256,-236
-15452,1968,-5288,-79,867,14
-16264,1820,-6008,121,-484,343
-14660,1836,-5248,174,-871,349
-14688,2072,-5800,7,-305,365
-15296,2032,-5856,-349,-864,296
-14960,1856,-5260,-313,-1253,220
-14904,2120,-5488,-276,-832,360
-14704,2196,-6012,-348,-359,506
-14776,2308,-5996,-383,-22,328
-15088,2228,-5740,-545,-628,410
-14968,2108,-5756,-702,-979,584
-15208,1992,-5468,-919,-1442,759
-13792,2028,-4792,-998,-1336,902
-14072,2060,-5004,-857,-169,763
-14932,2308,-5184,-744,-11,486
-14956,2484,-5308,-1101,-541,557
-14640,2444,-4856,-1325,-353,438
-15020,2232,-4868,-1305,398,397
-15220,2472,-5084,-1439,563,453
-15416,2460,-4620,-1327,105,349
-15412,2528,-4912,-1146,487,253
-15604,2376,-5128,-1136,494,162
-15452,2376,-4892,-1102,255,57
-15336,2352,-5080,-888,-218,-66
-15036,2380,-5116,-853,-127,-242
-15348,2312,-5064,-860,363,-241
-15408,2264,-5032,-991,61,-224
-14888,2304,-4832,-1174,-494,-271
-14500,2116,-4300,-1232,-630,-263
-14596,2444,-4932,-1417,-806,-354
-14904,2480,-4844,-1461,-733,-393
-14524,2528,-4368,-1154,-161,-466
-15152,2488,-4840,-911,-214,-371
-14832,2564,-4908,-837,-508,-369
-14836,2372,-4724,-681,-6,-207
-15068,2556,-4804,-615,462,-21
-15532,2604,-4936,-614,187,-107
-15748,2320,-4632,-534,-1,-143
-15604,2292,-4424,-451,-145,-143
-15244,2208,-4316,-453,-325,-196
-15308,2128,-4272,-400,-494,-271
-15044,2196,-4364,-501,-456,-412
-15252,2312,-4000,-620,-497,-533
-15148,2344,-4204,-611,-237,-584
-15116,2588,-4148,-748,-394,-645
-14948,2404,-3848,-774,-254,-678
-14808,2332,-3828,-796,-104,-766
-14564,2336,-3712,-804,28,-663
-14460,2384,-3932,-800,102,-624
-14720,2404,-4368,-924,527,-523
-14888,2588,-4708,-1307,393,-446
-15108,2672,-4420,-1793,-116,-557
-15124,2648,-3880,-1671,345,-620
-15496,2524,-4284,-1532,926,-430
-15388,2388,-4540,-1484,643,-550
-15512,2308,-4192,-1265,715,-543
-15432,2224,-4508,-1197,582,-483
-15228,2144,-4220,-1042,488,-513
-15064,2124,-4224,-817,424,-420
-14944,2020,-4284,-631,216,-423
-14876,2116,-4268,-660,186,-392
-14888,2240,-4304,-782,19,-517
-15424,2192,-4152,-711,-78,-692
-15172,2204,-4352,-540,140,-544
-15204,2192,-4992,-551,476,-199
-14976,2244,-4628,-748,349,-87
-14956,2072,-4020,-713,737,-22
-15168,2356,-4240,-523,1021,97
-15460,2272,-4076,-380,537,57
-15108,2224,-4208,-277,424,111
-15232,2192,-4464,-283,561,77
-15532,2056,-4200,-336,689,161
-15272,2220,-4084,-366,355,187
-15120,2088,-3948,-417,196,70
-15232,2080,-4292,-374,52,203
-15232,2316,-4116,-285,16,104
-15536,2296,-4492,-297,15,37
-15388,2376,-4300,-368,212,76
-15072,2272,-4132,-389,212,100
-15336,2176,-4052,-337,367,146
-15348,2364,-4396,-324,291,61
-15252,2264,-4448,-310,249,-60
-15340,2372,-4264,-394,396,-81
-15164,2288,-4412,-485,359,-139
-14944,2196,-4256,-424,541,-162
-15072,2304,-4284,-289,547,-123
-15208,2320,-4432,-349,241,-150
-15108,2400,-4368,-372,407,-190
-15528,2380,-4280,-441,224,-228
-15300,2420,-4172,-404,185,-207
-15312,2304,-4272,-429,147,-141
-15424,2088,-4092,-387,256,-182
-15324,2120,-4508,-475,341,-56
-15396,2052,-4320,-637,75,-13
-15548,2052,-4064,-588,-107,6
-15520,2108,-4224,-616,-572,28
-15128,1992,-3892,-558,-241,-20
-15188,2256,-3948,-343,-126,6
-15164,2280,-4212,-427,-188,-5
-15276,2356,-4100,-381,-547,-150
-15192,2508,-4068,-475,-647,-137
-15284,2624,-4072,-623,-827,-227
-14960,2436,-3548,-853,-561,-288
-14884,2388,-3588,-834,-499,-258
-14920,2420,-3800,-796,-382,-252
-15096,2612,-3928,-700,-334,-197
-15036,2604,-3808,-745,-125,-205
-15160,2408,-3768,-621,94,-238
-15376,2348,-4068,-515,199,-305
-15308,2292,-4132,-464,192,-331
-15212,2128,-4080,-385,304,-267
-14772,1872,-3652,-158,770,-167
-14732,1828,-3552,10,1199,-61
-14916,1996,-3704,315,1332,-267
-15204,2460,-4296,236,1146,-270
-15708,2592,-4372,158,363,-399
-15240,2444,-4252,-71,284,-412
-14884,2308,-3884,-108,652,-464
-15668,2336,-4020,-147,1047,-411
-15712,2516,-4256,-195,314,-516
-15120,2512,-3860,-214,110,-441
-15220,2332,-3688,-17,591,-456
-15296,2440,-4088,-47,649,-502
-15324,2360,-4180,-260,554,-495
-15496,2080,-3832,-223,436,-366
-14976,1948,-3544,-140,436,-388
-15040,1980,-3596,74,782,-379
-15428,2220,-4200,-85,702,-353
-15156,2240,-4388,-477,239,-358
-15160,2336,-3792,-552,98,-376
-15096,2336,-3896,-606,297,-429
-15216,2328,-4204,-655,422,-292
-14972,2280,-4032,-706,349,-282
-15264,2352,-3976,-600,555,-186
-15368,2536,-4176,-626,447,-123
-15152,2396,-4092,-610,517,-164
-15116,2420,-4228,-646,512,-140
-14900,2296,-4436,-670,419,-143
-15056,2216,-4316,-791,472,-112
-15088,2208,-4060,-857,403,-91
-15120,1996,-4044,-777,474,-47
-14996,2048,-4188,-719,424,-71
-15056,1928,-4300,-752,366,-45
-15112,2028,-3908,-785,433,51
-15216,2096,-3820,-634,474,130
-15116,2328,-4144,-705,316,170
-15004,2324,-3976,-746,284,122
-15136,2428,-4200,-771,361,-3
-15392,2508,-3940,-691,187,-89
-15380,2408,-3756,-527,284,5
-15208,2660,-4344,-564,216,-37
-15328,2500,-4172,-774,190,-104
-15336,2436,-4040,-774,253,-158
-15204,2408,-4184,-735,352,-144
-15464,2360,-4152,-800,157,-82
-15248,2196,-3960,-840,-67,-12
-15012,2064,-3932,-776,286,25
-14948,2152,-4128,-759,423,-60
-15076,2052,-3940,-680,442,114
-15236,2080,-4064,-609,364,88
-15344,2080,-4084,-635,244,139
-15256,2152,-4228,-758,252,137
-15256,2364,-4092,-750,482,-18
-15352,2448,-4196,-747,545,-55
-15296,2388,-4036,-700,406,-158
-15248,2420,-3900,-667,330,-164
-15332,2472,-4052,-661,470,-301
-15524,2320,-4044,-529,469,-381
-15168,2272,-3972,-414,342,-427
-15132,2432,-4008,-412,453,-398
-15236,2332,-4164,-504,509,-467
-15140,2304,-4240,-563,472,-548
-15352,2260,-4056,-579,649,-529
-15328,2260,-3596,-488,648,-585
-15288,2256,-3916,-386,517,-546
-15072,2124,-4224,-341,600,-566
-14984,2224,-4196,-427,556,-587
-15380,2344,-4308,-435,513,-564
-15476,2240,-4136,-453,507,-488
-15240,2424,-4292,-487,310,-380
-15380,2412,-4200,-491,239,-482
-15216,2212,-4340,-561,112,-392
-14904,2200,-4116,-683,89,-336
-15020,2164,-3872,-656,368,-218
-15184,2304,-4064,-583,245,-164
-15024,2436,-4052,-574,91,-173
-15324,2304,-4036,-522,-73,-275
-15028,2144,-3932,-646,-208,-321
-14912,2080,-4276,-837,136,-380
-15212,2184,-4160,-1131,278,-479
-15560,2072,-3756,-1050,447,-253
-15596,2444,-3892,-840,487,-339
-15732,2416,-4176,-787,105,-258
-15560,2184,-3876,-564,130,-290
-15344,2240,-3928,-468,141,-275
-15068,2100,-3896,-436,87,-285
-14856,2024,-3804,-404,228,-301
-15344,2124,-4092,-471,302,-159
-15124,2160,-3984,-521,537,-255
-15448,2044,-3872,-515,325,-297
-15012,1876,-3716,-429,294,-341
-15152,1944,-3888,-337,265,-349
-15300,2208,-4312,-501,248,-254
-15384,2084,-4092,-516,210,-187
-15060,2176,-3940,-426,-77,-377
-14936,1916,-3804,-295,-24,-330
-14720,1876,-3696,-208,330,-351
-14956,2100,-4204,-227,470,-323
-15116,2072,-4292,-316,307,-157
-15132,2264,-3928,-412,402,-174
-15244,2168,-3868,-407,498,-276
-15420,2028,-4004,-369,476,-377
-15288,2080,-4060,-404,191,-337
-15216,1944,-3860,-357,395,-306
-15300,2180,-3644,-336,474,-323
-15396,2068,-3768,-228,584,-320
-15520,2048,-4176,-322,529,-309
-15128,1896,-3840,-364,408,-278
-15244,1968,-4044,-414,433,-237
-15412,1920,-4116,-397,367,-157
-15244,1788,-4084,-446,416,-100
-15396,1764,-4028,-552,353,12
-15356,1852,-3776,-609,212,45
-15172,1876,-3684,-468,272,-30
-15300,1920,-4180,-431,359,14
-15500,1864,-3868,-367,28,-55
-15344,1900,-3940,-412,39,5
-15180,1836,-3828,-302,518,-151
-15572,1988,-4296,-343,634,-125
-15568,1964,-4248,-491,239,-131
-15300,1852,-3832,-481,221,-208
-15528,1936,-3852,-379,9,-188
-15456,1920,-4064,-423,-443,-275
-15180,2008,-4104,-498,-515,-376
-15124,1880,-4372,-746,-348,-383
-15756,2076,-4224,-1138,-692,-424
-15524,2188,-4344,-1487,-1074,-526
-15228,2056,-3836,-1602,-790,-437
-16268,1720,-3048,-1105,29,-56
-15160,1868,-3352,-849,-652,-343
-15004,1852,-3356,-522,-307,-205
-15260,2248,-3352,-258,-318,-611
-15560,2024,-3680,-189,-682,-676
-15376,2240,-3672,-204,-766,-633
-14936,2024,-3332,-210,-356,-591
-15308,1976,-3468,-174,238,-542
-15592,1956,-3440,-249,-21,-556
-15228,1908,-3352,-239,-89,-653
-15404,1880,-3256,-202,-165,-712
-15236,1864,-3424,-257,-520,-748
-15128,1804,-3188,-188,254,-526
-15280,1704,-3436,-190,500,-394
-15508,1864,-3480,-297,284,-523
-15508,1812,-3552,-404,8,-557
-15408,1892,-3488,-666,-188,-588
-15532,1668,-3396,-870,-4,-546
-15252,1468,-2868,-595,-27,-405
-15032,1632,-3244,-487,-90,-452
-15136,1680,-3336,-438,-107,-387
-15012,1660,-3216,-374,237,-333
-15584,1812,-3412,-372,422,-148
-15460,1932,-3488,-488,467,-16
-15052,1720,-2800,-356,377,-91
-15248,1780,-3236,-200,617,-56
-15364,1704,-3712,-314,476,72
-15408,1808,-3612,-516,182,192
-15180,2096,-3192,-671,335,198
-15728,1924,-2912,-435,458,187
-15352,1812,-3344,-347,62,-64
-15352,1716,-3660,-387,85,79
-14964,1548,-3128,-548,8,-19
-15084,1560,-2828,-412,108,-33
-15404,1920,-3460,-290,234,88
-15324,2012,-3792,-467,155,53
-15380,1992,-3228,-581,246,80
-15740,1792,-3276,-543,-21,-62
-15656,1820,-3380,-606,-492,-44
-15440,1744,-3156,-508,-322,-159
-15716,1700,-3164,-423,38,-91
-15924,1712,-3192,-431,-33,-196
-16188,1752,-3112,-403,-174,-148
-15996,1624,-3164,-314,-735,-255
-15864,1524,-2932,-273,-1085,-398
-15900,1672,-3052,-199,-953,-526
-16192,1840,-3476,-198,-828,-492
-16612,2088,-3756,-666,-1466,-538
-16756,1832,-3768,-1247,-2298,-582
-17400,1748,-4104,-1664,-2394,-323
-16284,1228,-2792,-1871,-2264,276
-14472,1308,-1644,-1510,-2355,-106
-13748,1320,-1044,-807,-3245,-1328
-13952,1080,-1508,75,-1458,-1274
-15144,1532,-2280,493,-481,-964
-14828,1656,-2564,513,-399,-695
-15120,1900,-2112,415,-529,-840
-16000,1980,-2144,310,-650,-1008
-16244,2248,-2268,290,-724,-947
-16152,1972,-2128,289,-685,-925
-15840,1936,-1520,438,-1075,-1115
-15704,1532,-1436,477,-799,-1018
-15348,1776,-1984,205,-581,-1308
-15424,1680,-1860,-153,-208,-1367
-15984,1264,-1156,-274,-176,-1394
-15764,1216,-524,-198,-325,-1587
-15976,1440,-788,-85,84,-1622
-16424,1696,-1348,-240,-283,-1903
-16132,1764,-1100,-649,-790,-2325
-15792,1904,-704,-900,-585,-2534
-15704,2120,-656,-1200,-378,-2819
-15688,2592,-1076,-1642,-692,-3453
-15856,3000,-996,-2272,-876,-3970
-16008,3256,-444,-3003,-373,-4486
-16496,3288,-184,-3547,-89,-4688
-16348,3032,-124,-4254,308,-4653
-15580,2592,16,-5121,189,-4935
-14656,2152,-240,-6081,562,-5403
-14596,1608,-596,-7056,862,-5807
-14580,1024,-796,-8016,1386,-6142
-15384,1376,-1220,-8852,1241,-6658
-15276,1272,-1492,-9804,1053,-7250
-14688,984,-1232,-10578,1160,-8115
-14952,584,-1472,-11145,1540,-8560
-14328,496,-2296,-12001,1035,-9138
-13876,-196,-2024,-12908,406,-9759
-13516,-1076,-1436,-13134,1071,-9915
-13268,-1504,-2496,-13304,1582,-9766
-12656,-1724,-3464,-14307,1049,-9924
-12728,-2364,-3092,-15205,866,-10106
-12508,-2836,-2784,-15615,893,-9817
-12304,-2920,-3292,-15754,1412,-9421
-11712,-3396,-4260,-16052,1657,-9089
-11956,-3268,-4972,-16582,2295,-8645
-13420,-3024,-6124,-17369,1185,-8313
-13360,-3324,-5784,-17956,-100,-8137
-12216,-3008,-5508,-18395,41,-7946
-11532,-3216,-5976,-18407,459,-8081
-11176,-3860,-7380,-18589,751,-8142
-12004,-3812,-8652,-19253,46,-8163
-11576,-4180,-8744,-19744,-388,-7982
-10904,-3816,-9124,-20276,35,-7951
-10604,-4420,-9900,-20567,153,-7918
-10356,-4760,-10640,-20790,681,-7456
-11164,-4836,-10880,-20762,743,-7037
-11132,-5376,-11200,-20583,758,-6848
-12168,-4792,-12296,-20280,869,-6329
-12404,-5040,-13144,-20345,-471,-5726
-11364,-5836,-11624,-20165,-741,-4637
-10848,-6516,-11300,-19632,532,-3656
-11276,-6516,-13048,-19428,1608,-3123
-12312,-5648,-13560,-19313,1066,-3144
-12128,-6216,-13116,-18321,735,-3039
-12936,-6644,-13056,-17070,895,-2367
-13776,-7376,-13956,-15894,914,-2027
-13464,-6308,-14248,-14852,993,-2004
-12980,-5872,-14012,-13532,928,-2199
-13116,-6256,-13732,-12184,-264,-2275
-13376,-7272,-12592,-10415,-324,-1990
-14032,-7612,-12544,-8526,-653,-1381
-13700,-6696,-13988,-7573,-1491,-788
-13132,-7060,-13672,-7032,-1799,-568
-12512,-8072,-12780,-6149,-1679,-382
-13808,-8448,-13060,-4979,-1308,53
-13284,-7928,-14148,-3450,-738,348
-13968,-7036,-14388,-1764,-862,216
-13944,-7148,-13564,312,-964,118
-14988,-7464,-14484,2131,-1093,76
-15644,-7592,-14236,3650,-1125,539
-15268,-6280,-15372,4662,-1178,693
-13260,-6220,-14048,5519,-1866,493
-12048,-7892,-12584,6865,-1624,760
-12932,-8036,-13108,8640,-1078,1703
-13604,-7344,-13044,10092,-969,2289
-13544,-5256,-14244,10977,-1005,2539
-11796,-5404,-12788,11804,-1838,1935
-11636,-6696,-11464,12489,-1573,1697
-13340,-6892,-12584,13599,-1124,2251
-13992,-6544,-12132,14507,-1247,2568
-13260,-5236,-11888,15066,-776,2780
-11776,-4708,-11092,15447,-316,2486
-12140,-5504,-10732,15903,-1287,2359
-12404,-5664,-10652,15962,-1586,2628
-13264,-5780,-9368,16328,-2446,3223
-12516,-5708,-8764,16827,-2081,3705
-11548,-5184,-8248,17253,-1088,3781
-11168,-4840,-8180,17440,-1057,3488
-11556,-5360,-8000,17628,-2492,3046
-11476,-5712,-7196,17954,-2550,3116
-11136,-5432,-6856,18293,-1235,3207
-12004,-5236,-7784,18291,-426,3001
-12172,-4864,-7744,17770,-226,3070
-11920,-4652,-7172,17176,-703,3042
-11592,-4840,-6804,16717,-363,3016
-11692,-4668,-6628,16471,252,3404
-11860,-4408,-6132,16439,976,3584
-12784,-4152,-5764,16541,761,3751
-12908,-3608,-6244,16013,167,3878
-12636,-3548,-5888,15453,171,3781
-12284,-3632,-4456,15275,1142,3559
-12760,-3988,-3668,15657,1257,3438
-13320,-3952,-3856,15727,1247,3643
-13016,-4300,-4220,15600,1662,3977
-13608,-4032,-3880,15120,2152,4110
-13920,-3900,-3180,14594,1985,3995
-13640,-3024,-2500,14164,1214,3914
-12500,-2160,-2560,13910,1228,3381
-12768,-1792,-2680,13235,2027,2660
-13872,-2440,-2712,12796,2812,2619
-15420,-2340,-3552,11740,2764,2919
-15744,-1876,-3536,10200,2505,2644
-15628,-1172,-2656,8860,2503,2258
-16276,-1224,-1852,8006,3066,1711
-16604,-1640,-2444,7014,2897,1590
-17296,-2316,-2404,6204,1505,1604
-16604,-2484,-928,5602,278,1041
-16324,-2660,-256,5718,712,569
-16952,-3280,-1052,5821,769,321
-16264,-3508,-1028,5448,-236,199
-14932,-3812,-248,5503,160,-329
-15648,-4480,-512,5802,1184,-394
-16156,-4752,-1092,5707,825,-360
-15704,-4760,-784,5712,148,-396
-16096,-4760,-760,5910,294,-556
-16576,-4860,-1224,6209,180,-692
-17028,-4964,-1412,6339,-326,-720
-16000,-5288,-808,6352,-1055,-948
-15496,-5476,-448,6682,-1014,-1092
-16060,-5656,-980,7142,-901,-1153
-16012,-5520,-700,7439,-1569,-1586
-15484,-5472,176,7896,-1439,-2104
-15768,-5604,-556,8599,-798,-2460
-15532,-5572,-1048,9143,-655,-2708
-15996,-5560,-792,9769,-325,-2738
-15908,-5160,-968,10491,-660,-2887
-15608,-4564,-1236,10866,-1412,-3223
-14744,-4872,-48,11481,-1686,-3876
-14580,-4936,-148,11867,-1388,-4172
-14796,-5100,-116,12319,-1373,-4312
-14796,-5112,-112,12469,-1170,-4180
-14696,-5148,52,12530,-898,-3967
-14496,-5164,372,12701,-1448,-3810
-13764,-5228,1064,13148,-1563,-3795
-13040,-4808,628,13732,-1269,-3889
-12780,-4360,-4,14123,-576,-3942
-13500,-4520,396,14552,-415,-3693
-12928,-4628,708,15040,-487,-3268
-12764,-4700,792,15427,18,-2761
-12944,-4612,556,15954,856,-2327
-12528,-4036,932,16041,341,-2267
-12028,-3264,940,15822,-531,-3037
-11392,-2468,1604,16008,85,-3595
-11588,-2592,2012,16577,1229,-3744
-12748,-3260,1352,17006,1864,-3361
-13640,-3488,1684,17193,1766,-2204
-13056,-3252,1908,16959,1345,-1403
-12908,-2464,1432,16834,1435,-1132
-13072,-2316,1756,16878,812,-1208
-14056,-2196,2340,16782,72,-968
-15528,-1792,2976,17148,519,91
-15836,-632,2388,17032,101,1146
-14704,236,2948,15884,-541,1163
-14704,72,5348,15062,-374,1550
-14344,520,5824,14863,958,2679
-14524,1652,5924,13537,403,3620
-14228,2468,8108,12414,-322,3440
-15076,2972,9636,11983,741,3555
-15548,3744,8296,11092,1039,3684
-15400,4296,8072,8671,938,3257
-15796,5220,9652,7153,826,2353
-15076,4568,10100,6047,764,1342
-15656,3876,7760,4593,2233,1346
-17068,3604,6556,2551,3359,2090
-17052,4624,7552,483,2355,2164
-14640,5200,9740,-83,797,-242
-12872,4300,8984,-219,276,-2600
-14744,2584,6556,-1488,2104,-2492
-16944,2668,5900,-3444,1798,-856
-15140,3624,8248,-4479,1812,-590
-14352,4080,8008,-4672,2163,-1772
-14436,3320,6188,-5335,1927,-2947
-15112,2168,5124,-6531,1881,-2537
-14844,2044,5764,-7344,2329,-1791
-14220,2320,6480,-7788,2448,-2478
-14732,1996,6216,-8062,1791,-3176
-15156,1392,4440,-8829,1156,-3404
-15440,832,4012,-10170,1501,-2692
-14372,1092,4572,-11031,1341,-2421
-13964,868,5148,-11565,1127,-2815
-13792,196,4868,-12001,903,-3245
-14544,-960,3480,-12719,1134,-2434
-14864,-1600,3216,-13727,1127,-1363
-13940,-1336,4388,-14166,1330,-881
-13356,-652,4828,-14387,1657,-1752
-14328,-816,4112,-14451,1440,-2304
-14260,-1920,3820,-14479,1224,-2203
-14616,-2460,3420,-14577,1253,-1545
-14884,-2664,3468,-14551,1525,-918
-14704,-2740,3516,-14424,1323,-954
-14776,-2768,3388,-14246,594,-1303
-14704,-2976,2576,-14272,-302,-1313
-14792,-3504,2028,-14539,-824,-1209
-14588,-3792,2376,-14835,-573,-723
-14064,-3864,2628,-14860,-369,-463
-14280,-3800,1804,-14976,-433,-638
-14404,-4028,1172,-15368,-567,-625
-14580,-4364,820,-15796,-785,-242
-14524,-4672,692,-16196,-459,92
-14224,-4380,940,-16379,-523,88
-14324,-4404,776,-16486,-1009,-5
-14208,-4556,100,-16535,-1270,122
-14356,-4712,-92,-16512,-1407,521
-13824,-4992,-376,-16433,-1001,760
-14020,-4936,-876,-16355,-908,847
-14312,-4984,-728,-16265,-1398,971
-13936,-5104,-744,-15989,-1393,1216
-13732,-5144,-1092,-15703,-1101,1264
-13968,-5456,-1792,-15633,-835,1259
-14396,-5864,-1756,-15560,-1040,1551
-14260,-5800,-1720,-15426,-1410,1753
-14344,-5780,-1660,-15093,-857,2067
-14396,-5600,-2080,-14883,-823,2171
-14272,-5672,-2468,-14567,-763,2204
-14256,-5928,-2184,-14108,-681,2269
-14100,-6280,-2308,-13629,-334,2258
-14420,-6464,-2336,-13122,-29,2386
-14272,-6300,-2660,-12647,-105,2312
-14436,-6504,-2164,-11991,-36,2248
-15072,-6804,-2116,-10972,276,2507
-15160,-6744,-1964,-9816,84,2825
-15564,-6180,-2580,-8723,-383,3034
-15228,-5732,-2484,-7977,-1330,2917
-14676,-6040,-2228,-7038,-965,3203
-14624,-5620,-2440,-6194,-289,3602
-15404,-5428,-2288,-5386,-537,4099
-14408,-4988,-1884,-4541,-1267,4630
-13276,-4900,-1620,-3848,-541,5310
-13792,-5004,-1300,-3143,343,5835
-14732,-4788,-2004,-2544,562,6139
-15160,-3680,-2436,-2318,-318,6317
-15172,-3512,-1300,-1985,-765,6285
-15392,-3472,-1104,-1505,37,6144
-16352,-2996,-2096,-1206,226,6070
-16128,-2540,-2244,-1330,-789,5638
-15520,-2344,-992,-1140,-1190,5278
-15324,-2128,-668,-566,-11,4953
-15712,-1788,-1328,-247,389,4499
-16412,-1244,-2124,-339,68,4124
-16044,-1316,-1124,-406,-319,3627
-16276,-1264,-720,-120,440,3387
-16720,-968,-1708,-23,1194,3247
-17312,-444,-2104,-406,862,3084
-16820,-160,-1568,-753,138,2805
-16704,8,-1444,-876,249,2751
-16852,324,-2412,-1468,63,2785
-17076,276,-1776,-1961,-672,3003
-16156,-72,-368,-1748,-1768,3178
-14280,288,-112,-1298,-1335,3333
-13852,500,88,-496,-43,3249
-14532,648,-684,30,39,2945
-14500,876,-1048,305,-264,2693
-14452,692,-1320,279,332,2766
-15068,684,-1244,210,424,2746
-15592,1128,-1148,37,1258,2681
-16328,1312,-1304,-347,1343,2386
-16464,1552,-1460,-691,842,1971
-16332,1176,-884,-677,306,1527
-15948,952,-692,-408,485,1416
-15652,1320,-896,-173,751,1080
-16088,1228,-1744,-164,779,1004
-16016,1444,-1636,-347,319,832
-16100,1544,-940,-160,-5,501
-16052,1404,-1068,142,-145,280
-15816,1568,-1484,284,-34,93
-15900,1624,-1620,153,-97,-189
-15824,1388,-1476,-4,-346,-261
-15908,1412,-1204,17,-499,-316
-15708,1472,-1248,34,-387,-170
-15584,1756,-1268,-170,-533,-274
-15572,1660,-1032,-297,-617,-447
-15188,1596,-560,-143,-399,-541
-15292,1620,-580,70,161,-345
-15768,1480,-1260,98,148,-107
-15480,1644,-1160,-224,-57,-125
-15320,1540,-368,-249,-160,-273
-15380,1600,-376,-106,-10,-229
-15324,1752,-684,-171,-504,-236
-15764,1552,-884,-371,-803,-121
-15060,1452,-420,-520,-624,58
-14920,1568,-424,-523,209,230
-15260,1852,-748,-587,213,134
-15544,1928,-576,-693,175,212
-15552,1924,-468,-741,457,297
-15832,2100,-952,-761,852,448
-16164,2388,-1172,-841,750,415
-16028,2372,-556,-856,577,236
-15932,2024,-580,-627,450,17
-15500,2024,-772,-718,284,-63
-15200,1536,-752,-683,473,-140
-15260,1608,-640,-528,918,-189
-15856,1644,-988,-591,664,-279
-15588,1656,-904,-722,151,-392
-15100,1732,-520,-728,581,-501
-15572,1796,-648,-550,891,-505
-15588,1608,-752,-538,545,-543
-15636,1672,-748,-621,318,-525
-15532,1944,-676,-587,378,-458
-15432,1928,-680,-489,466,-450
-15616,2008,-592,-431,568,-383
-15852,1984,-916,-394,524,-385
-15676,1948,-692,-388,322,-413
-15760,1960,-512,-279,416,-347
-15924,1688,-656,-137,614,-278
-15676,1712,-964,-34,316,-355
-15400,1764,-1116,-326,152,-455
-15356,1588,-676,-374,105,-635
-15344,1412,-392,-73,385,-623
-15316,1680,-988,-100,509,-598
-15412,1688,-1088,-292,490,-646
-15340,1632,-756,-413,618,-565
-15428,1656,-716,-255,731,-538
-15512,1636,-1276,-211,817,-475
-15768,1688,-1532,-318,663,-418
-15336,1612,-1112,-368,666,-312
-15388,1744,-968,-268,743,-331
-15740,1732,-1140,-249,540,-328
-15500,1748,-1164,-282,627,-393
-15776,1588,-1132,-397,634,-292
-15756,1504,-1136,-398,437,-235
-15708,1680,-1036,-358,641,-174
-15792,1812,-1312,-376,495,-366
-15776,1448,-900,-412,384,-418
-15600,1112,-536,-225,374,-278
-15136,1332,-800,-43,503,-264
-15308,1560,-1452,-135,508,-223
-15316,1560,-1084,-341,491,-259
-15352,1552,-720,-210,633,-239
-15640,1536,-1364,-234,896,-137
-15864,1592,-1564,-406,630,-204
-15528,1380,-1168,-591,453,-101
-15236,1328,-1004,-533,547,-13
-15228,1464,-1188,-473,931,26
-15572,1616,-1352,-629,947,-15
-15556,1596,-1224,-803,1267,162
-16072,1424,-1232,-762,1023,133
-15724,1600,-1212,-640,376,-179
-15652,1560,-1188,-542,459,-221
-15824,1720,-1484,-540,712,-154
-15848,1716,-1368,-644,523,-177
-15624,1548,-1128,-527,302,-163
-15692,1512,-1100,-400,269,-159
-15612,1692,-1448,-319,235,-130
-15368,1592,-1500,-357,354,-159
-15184,1420,-1384,-441,292,-193
-15276,1480,-1160,-475,373,-139
-15564,1328,-1348,-387,259,-76
-15516,1448,-1396,-340,55,-140
-15476,1836,-1436,-452,198,-29
-15620,1720,-1468,-513,-48,-159
-15660,1644,-1308,-555,-234,-163
-15516,1580,-1228,-510,-54,-195
-15688,1688,-1212,-392,179,-168
-15628,1452,-1084,-295,116,-67
-15364,1360,-1084,-348,156,-44
-15584,1468,-1388,-393,194,0
-15496,1504,-1532,-572,446,26
-15548,1444,-1088,-590,466,72
-15696,1336,-876,-336,213,72
-15576,1560,-1392,-254,48,33
-15436,1972,-1504,-303,117,-92
-15520,1920,-1320,-446,-44,-121
-15560,1664,-676,-371,-211,-174
-15624,1704,-840,-228,105,-145
-15472,1596,-1280,-231,313,-145
-15424,1748,-1212,-378,589,-274
-15808,1464,-1124,-377,596,-302
-15724,1468,-968,-288,418,-411
-15948,1296,-1268,-240,437,-367
-15532,1356,-1080,-378,405,-384
-15372,1584,-1160,-421,415,-592
-15396,1524,-1184,-395,363,-610
-15756,1420,-952,-312,236,-572
-15696,1452,-1172,-291,211,-367
-15372,1728,-1128,-439,103,-326
-15376,1804,-1024,-412,476,-322
-15768,1764,-1124,-370,424,-273
-15576,1500,-1048,-347,385,-162
-15548,1372,-972,-255,463,-120
-15156,1508,-1196,-309,661,-170
-15716,1712,-1464,-419,542,-213
-15736,1480,-1332,-555,182,-101
-15432,1620,-1224,-547,180,-31
-15608,1476,-1096,-526,456,-45
-15580,1696,-1296,-539,512,-59
