accX,accY,accZ,gX,gY,gZ
-13792,3576,-7096,-248,-105,-321
-14064,3572,-6880,-271,5,-439
-14196,3380,-7448,-378,171,-476
-14252,3496,-7012,-773,352,-634
-14432,3336,-6720,-767,433,-735
-14320,3284,-6716,-715,413,-972
-14028,3300,-6952,-790,346,-1038
-14020,3116,-6592,-843,205,-1069
-14304,2876,-6460,-693,370,-979
-14408,2772,-6536,-499,320,-996
-14012,2744,-6776,-494,350,-896
-14016,2588,-6684,-470,400,-943
-14208,2624,-7120,-589,475,-981
-14428,2740,-7444,-677,478,-990
-14152,2736,-7332,-766,361,-1022
-14288,2876,-7344,-842,356,-921
-14460,2956,-7268,-856,468,-789
-14288,2920,-7384,-853,412,-656
-14236,2868,-6972,-710,406,-531
-14428,2796,-6872,-503,396,-292
-14328,2792,-6892,-270,560,-108
-14532,2808,-7188,-191,661,-21
-14520,2860,-7048,-185,566,109
-14832,3088,-7020,-87,671,194
-14832,3176,-7136,54,697,273
-14820,3300,-7228,176,357,174
-14588,3196,-7004,248,-12,41
-14252,3200,-7180,372,-87,-113
-14160,3284,-7208,313,-143,-318
-13896,3140,-7172,88,-121,-304
-14008,3088,-6920,-51,-85,-432
-14288,3116,-6848,-41,26,-428
-14224,2996,-7008,-201,24,-362
-14132,3052,-6968,-331,-128,-358
-14100,3060,-6712,-304,-88,-354
-14096,3060,-6980,-301,-77,-294
-14192,3016,-6988,-300,-270,-213
-14104,3224,-7052,-338,-541,-231
-13828,3272,-6984,-449,-748,-345
-13948,3312,-7272,-477,-581,-384
-13924,3220,-6988,-571,-601,-470
-14192,3116,-6832,-655,-468,-429
-14108,3144,-6964,-773,-416,-411
-13880,3200,-6932,-1183,-472,-665
-14280,2924,-6320,-913,-124,-694
-14564,3012,-6276,-750,19,-500
-14416,2892,-7000,-803,-364,-463
-14432,3052,-6552,-1037,-1194,-1005
-14836,2964,-6116,-721,-1469,-1283
-14616,2284,-6476,-73,-1172,-1176
-15152,2896,-6280,-105,-1423,-953
-14576,2292,-6164,-66,-1843,-1264
-14348,3024,-6424,-406,-3088,-2102
-13992,2996,-6512,-911,-3619,-2822
-14792,2320,-6684,-228,-2386,-2501
-14856,1848,-5724,66,-2662,-2453
-12416,2956,-6336,-769,-3470,-3095
-12380,2280,-6332,-944,-1688,-3569
-12580,2516,-7332,-1131,-551,-4110
-16036,2120,-6528,-2217,-1491,-5074
-13484,1052,-5944,-1148,-116,-4465
-13968,88,-6904,-878,399,-4439
-14036,-900,-6364,-160,2422,-3538
-14856,-476,-6080,1511,3385,-2628
-13796,-52,-5768,3328,4632,-2025
-14664,592,-6320,4097,4835,-1207
-15880,368,-6372,4435,4159,-968
-17088,64,-7060,5179,3836,735
-17528,556,-6796,5145,2463,1904
-16460,272,-5664,5891,1309,2108
-16044,752,-6140,6367,962,1944
-16080,136,-6944,6267,1069,1667
-16224,252,-6872,6043,1149,1472
-15792,380,-6900,5706,829,1077
-16572,-64,-6332,5874,-197,954
-15976,-60,-5508,6191,-772,945
-15564,148,-6016,6103,-960,646
-15200,276,-6232,5876,-1439,171
-15124,-76,-5720,6044,-1475,63
-16136,-1120,-7128,6150,-112,309
-15532,-152,-6396,5047,-1132,-41
-14520,-152,-4988,4883,-1221,-27
-15048,20,-5416,4729,-1253,-70
-14888,-120,-5864,4316,-960,137
-15192,232,-5512,4165,-544,507
-15312,644,-5472,3843,-708,701
-15020,520,-5748,3381,-813,722
-15360,280,-5620,3109,-336,908
-15724,308,-5652,2984,-293,1114
-15400,608,-5592,2795,-299,1074
-15384,652,-6216,2310,-668,662
-16028,560,-5908,1772,-871,500
-16084,972,-5596,1469,-829,565
-15844,1112,-5004,1182,-759,109
-15600,1148,-5012,853,-919,-202
-14900,1084,-5420,422,-830,-386
-14864,1656,-5864,-246,-166,-662
-14388,2144,-5184,-1039,-324,-1584
-14232,2420,-4528,-1957,-400,-2747
-14256,2280,-4372,-2631,-322,-3609
-14500,2184,-5316,-3190,861,-3804
-14440,2564,-5048,-4192,762,-4586
-14532,2816,-5044,-5425,891,-5695
-14624,2756,-5120,-6833,802,-6837
-15188,2404,-5944,-8196,1300,-7731
-15008,2268,-5452,-9501,897,-8998
-14440,1964,-5700,-10783,871,-10353
-14044,1248,-6028,-12158,847,-11493
-14216,668,-6152,-13274,626,-12362
-13532,336,-6088,-14308,-191,-13372
-13004,-108,-6592,-15256,-335,-14287
-12344,-800,-6516,-15919,-282,-15131
-12856,-792,-6688,-16480,-594,-15520
-11688,-944,-7048,-16936,-1293,-15865
-10936,-764,-8524,-17971,-1789,-16459
-11240,-1612,-8404,-18875,-2735,-16880
-10708,-2564,-7784,-19469,-2725,-16851
-10124,-2752,-8192,-19800,-2849,-17041
-9956,-2328,-9304,-20594,-2907,-16982
-11720,-4960,-9908,-20555,-2007,-16587
-11712,-2804,-9920,-21047,-2677,-15351
-10720,-3584,-10652,-21339,-3860,-14447
-10988,-3552,-12292,-21781,-3628,-13844
-10664,-3928,-12524,-22327,-3216,-13296
-10304,-4508,-12124,-22686,-2944,-12296
-9708,-5324,-12516,-22795,-2754,-11186
-9348,-5880,-13104,-23097,-2403,-10335
-9476,-5988,-13256,-23027,-1635,-9264
-9376,-5652,-14280,-22888,-1069,-8799
-9904,-6456,-14908,-22818,-849,-8060
-10416,-6568,-15164,-22796,-938,-7599
-10424,-5720,-15616,-21924,-1235,-7536
-10188,-4776,-16072,-20811,-1732,-7617
-11224,-5284,-14952,-20050,-1712,-7234
-11060,-6948,-15128,-18408,-1614,-6505
-11008,-7148,-15052,-16976,-1006,-5137
-10976,-7232,-16228,-15706,-1062,-4393
-10108,-8032,-16640,-14647,-1667,-3880
-9632,-9232,-15728,-13777,-1273,-3222
-11132,-9472,-14640,-11917,-610,-2218
-10592,-9360,-15180,-9257,-171,-1506
-11156,-8740,-15124,-7082,-77,-828
-12184,-8244,-15108,-4191,-333,139
-11412,-8408,-15592,-1987,-604,1002
-11736,-8220,-15760,-19,-502,1796
-11356,-7684,-15980,1450,-616,2173
-10516,-7068,-15520,3034,-392,2105
-10848,-7972,-14576,4319,-65,2632
-11256,-8156,-14656,6188,128,3483
-11192,-7612,-14952,7810,443,3974
-11808,-6208,-15212,9280,202,4264
-11204,-6500,-14184,10818,-480,4303
-12008,-7116,-14228,12115,-682,4782
-12188,-7420,-14068,13609,-1097,5436
-11928,-6928,-14348,14958,-1054,5677
-11948,-5820,-14660,15688,-1272,5837
-11080,-5724,-13972,16329,-1318,5968
-10896,-6492,-13860,16947,-1016,6312
-10960,-6676,-13828,17591,-1044,6684
-10932,-6028,-13716,18367,-997,6746
-11268,-5472,-13808,19023,-1045,6698
-11252,-4924,-13944,19298,-608,6929
-11156,-4384,-13392,19379,-456,7158
-10992,-3892,-12576,19819,-965,6982
-10004,-3764,-12144,20089,-1113,6516
-9600,-4404,-11204,20084,-714,6188
-9812,-4256,-11336,19853,432,6390
-9664,-3704,-10800,19509,1195,6761
-10072,-3212,-10812,19113,1628,6678
-11076,-2524,-10752,18564,1646,6563
-10960,-2520,-10320,17871,1941,6718
-10684,-2404,-9868,17041,2219,6852
-10944,-2120,-9152,16739,2702,6950
-10804,-1888,-8808,16613,2979,6995
-11688,-1868,-9184,16174,2892,7089
-12020,-1408,-9172,15326,2670,7245
-11780,-1472,-7720,14775,3131,7249
-11564,-1900,-7064,14759,2991,6989
-11468,-1400,-7640,13865,3247,6845
-11932,-1336,-6724,13352,2757,6792
-11592,-1448,-5928,12703,3001,6491
-11572,-1708,-5820,12192,3203,5990
-12696,-2240,-5728,11018,3233,5941
-13400,-1600,-6032,9896,3501,6073
-14200,-1704,-5608,8659,3731,6314
-15084,-1500,-5520,7694,4002,6702
-15236,-1424,-5784,6781,4052,6661
-16012,-1484,-5524,5969,3642,6967
-15676,-1316,-5256,5454,3377,7142
-15852,-1312,-5176,5130,2986,6930
-16640,-1652,-5116,4833,2161,6604
-16364,-1568,-4816,4646,1617,6192
-15972,-1400,-5104,4312,1374,5608
-16400,-1680,-5012,4098,855,4942
-16156,-1468,-5096,3525,543,4205
-15836,-1376,-4708,3090,379,3191
-15488,-1504,-4732,2568,380,2286
-15492,-1812,-4592,1674,817,1427
-15944,-2260,-4468,1200,1054,1001
-15804,-2404,-5072,534,1206,761
-15964,-2876,-5088,267,1091,509
-16172,-3512,-4452,674,889,227
-16484,-3568,-5228,1190,725,129
-16796,-4296,-5876,1526,444,81
-17180,-4992,-5956,2174,152,1
-17084,-5324,-6340,2824,150,-25
-17300,-5588,-6972,3563,-125,-244
-16480,-5988,-6800,4462,-568,-646
-15976,-5700,-6912,5653,-762,-1306
-16248,-5888,-7280,6784,-1308,-1817
-15192,-5764,-7656,7736,-1557,-2309
-14544,-5680,-7280,8521,-1513,-2767
-14460,-5904,-6820,9608,-1164,-3048
-14080,-5788,-6560,10771,-1059,-3072
-13560,-5660,-6628,11928,-690,-2956
-13304,-5564,-6732,13190,-575,-2876
-13168,-5456,-6552,14227,-204,-2624
-12916,-5460,-6720,14998,172,-2128
-12780,-5948,-6316,15689,807,-1710
-12620,-5788,-5900,16643,1201,-1324
-12768,-5824,-5840,17591,1302,-877
-12752,-5600,-6340,18200,1418,-449
-12800,-5712,-5960,18936,1349,-21
-12704,-5764,-5292,19913,1471,529
-12400,-5876,-5628,20687,2110,1080
-12720,-5488,-6188,21252,2243,1498
-12932,-5692,-5884,21527,2197,1914
-12392,-5088,-6468,21704,2359,2084
-12696,-4788,-6264,21879,2452,2300
-12408,-4512,-5700,22616,2126,2394
-11912,-4344,-5800,22966,2509,2390
-11980,-3968,-5660,23118,2737,2406
-11760,-3548,-5424,23058,2874,2393
-11824,-2868,-5228,22835,3532,2518
-12388,-2252,-5016,22519,3724,2747
-13040,-1616,-4088,22227,3480,2927
-14232,-1272,-4048,21902,3339,3497
-13064,652,-3716,21380,3729,4153
-14240,-16,-3508,20070,4884,6098
-16100,1144,-2848,19531,5648,7672
-15800,2020,-2324,19051,5247,8904
-17024,3028,-2660,17866,4788,9699
-17484,3916,-1720,16257,3823,10053
-16420,4168,732,15189,3601,9536
-16480,4872,1116,14108,3700,8231
-19552,5076,588,13234,2882,7494
-20460,4504,1828,10340,2430,7181
-20816,4228,2648,7817,2031,6992
-18216,4696,3556,5638,1247,5416
-17196,4380,3636,4080,1685,2752
-18656,4672,2568,2101,2437,1132
-20364,4220,292,-517,3094,315
-19648,3984,964,-3006,3607,-789
-19152,3948,2092,-4547,1905,-2241
-18336,3292,1460,-5882,1281,-3724
-18400,3140,260,-7589,2223,-4151
-18700,3396,300,-8646,2120,-4124
-17060,3368,308,-9252,1342,-5021
-16128,2732,-760,-9867,394,-6195
-16432,2860,-1968,-11040,-466,-6791
-16228,2376,-1720,-12299,-506,-6840
-15720,1992,-1748,-13225,-211,-6719
-14824,2020,-2132,-14260,-610,-7554
-15012,1484,-2920,-15364,-1075,-7921
-14444,928,-3272,-16662,-863,-7865
-14384,16,-3600,-18147,-359,-7739
-14384,-448,-3508,-19057,-553,-7917
-14280,-996,-3612,-19719,-822,-8151
-14272,-1480,-4236,-20375,-1059,-8184
-14492,-1876,-4324,-21111,-1087,-7949
-14832,-2176,-4316,-21369,-812,-7738
-14652,-2284,-4848,-21419,-1522,-7914
-14072,-2936,-5048,-21622,-2364,-8139
-13780,-3068,-5152,-21605,-2427,-8175
-13828,-3376,-6460,-22018,-2418,-7935
-14044,-3660,-6576,-22604,-2540,-7412
-14352,-3728,-6736,-22773,-2933,-7003
-14220,-3708,-6612,-22398,-3166,-6576
-14204,-4252,-7328,-22023,-3465,-6026
-14040,-4432,-7996,-22033,-3691,-5263
-12572,-4248,-7400,-21871,-3733,-4738
-12208,-4000,-7632,-21474,-3687,-4587
-12908,-3972,-8000,-21125,-3890,-4027
-12588,-4368,-8604,-21027,-4119,-3639
-12256,-4304,-8244,-20840,-4217,-3433
-12068,-4032,-8100,-20371,-4165,-3400
-12284,-4324,-9256,-20533,-3721,-3185
-12264,-4824,-9720,-21099,-3221,-2721
-12344,-5072,-8888,-21194,-3416,-2630
-12048,-4660,-7136,-20289,-3538,-2755
-12872,-5004,-8524,-19068,-3041,-2362
-12292,-5392,-9880,-19287,-2916,-1564
-11312,-5888,-8760,-19614,-1948,-1228
-12164,-5820,-7560,-18849,-1018,-1243
-13508,-5744,-8292,-17631,-532,-798
-13612,-6024,-9392,-16872,-370,127
-13740,-6264,-8596,-16218,-99,330
-14220,-6032,-8048,-14509,436,425
-14156,-6296,-8972,-13287,401,349
-15088,-7396,-8060,-12383,-135,472
-14704,-7412,-7288,-10442,-511,348
-14168,-6532,-7336,-8713,-456,-39
-14700,-6624,-7308,-7059,-170,17
-14652,-6488,-7728,-5808,-115,263
-14240,-6188,-7516,-4577,-254,94
-14392,-5432,-7636,-3555,-276,-2
-14632,-4828,-7228,-2538,-210,161
-14656,-4788,-6928,-1622,60,420
-15224,-4272,-7412,-860,145,862
-14468,-3784,-7000,-457,237,1063
-14696,-3868,-6372,167,491,1208
-14712,-3224,-6880,457,620,1203
-14636,-2716,-7296,364,493,1097
-14320,-2712,-6524,352,580,1050
-14444,-2468,-6376,511,660,1000
-14940,-2644,-6944,382,742,1158
-14864,-2428,-7180,-52,285,1253
-14480,-2400,-6160,-62,505,1256
-14672,-2400,-6520,157,436,1261
-14480,-2272,-6660,76,334,1240
-14328,-2244,-6616,-8,266,1235
-14092,-2120,-6404,-60,260,1039
-14632,-1932,-6552,139,726,1115
-14548,-1744,-7084,136,658,1207
-14376,-1664,-7040,23,626,1178
-14140,-1612,-6848,18,715,978
-14556,-1600,-7496,-145,732,864
-14476,-1760,-6936,-299,593,705
-14392,-1788,-6848,-98,847,699
-14528,-1864,-7488,-201,846,623
-14792,-1860,-7124,-389,653,493
-15084,-2012,-7252,-453,603,367
-14548,-1936,-6808,-301,446,-22
-14876,-1920,-6944,-42,457,-126
-14920,-2000,-6928,78,324,-10
-14500,-1980,-6932,82,262,85
-14296,-1808,-6916,93,383,105
-14312,-1648,-6860,-17,410,13
-14568,-1596,-7068,-39,395,15
-14552,-1588,-6868,-51,306,-36
-14436,-1604,-6892,-75,324,-96
-14604,-1476,-7508,-361,120,-140
-14676,-1508,-7412,-610,-61,-155
-14816,-1352,-7220,-739,-467,-216
-14612,-1660,-6116,-563,-395,-164
-14328,-1604,-6408,-215,0,-183
-14460,-1540,-6712,-269,-310,-132
-14352,-1664,-6544,-404,-547,72
-13928,-1628,-6496,-429,-71,319
-13928,-1392,-6552,-577,229,362
-13688,-1344,-6720,-782,134,315
-13716,-1276,-6296,-818,276,447
-13920,-1164,-6516,-766,428,686
-13248,-1112,-6928,-929,609,759
-12988,-1052,-7212,-1441,584,578
-13780,-1252,-7296,-1774,-40,551
-13832,-1060,-6836,-2170,-291,830
-14052,-468,-6612,-2226,670,1120
-15084,-204,-7536,-2046,601,1527
-15396,-172,-6408,-2031,-121,1664
-15584,-348,-6616,-1178,608,2176
-15080,-288,-7944,-1165,691,2761
-14440,-492,-7580,-1309,29,3069
-13568,-688,-6448,-1088,194,3282
-14152,-720,-5956,-889,1065,3107
-14996,80,-7856,-965,1150,3096
-14624,720,-8072,-1645,-131,2771
-14904,400,-6016,-2034,391,2655
-15960,496,-7244,-1808,602,2609
-15924,136,-8580,-2225,-81,2932
-14812,384,-5292,-2144,-972,2285
-14108,584,-5040,-122,471,2386
-15372,608,-6180,860,-313,2279
-14876,44,-5724,899,-779,1969
-14892,700,-5636,2301,-1052,1497
-15012,-132,-6372,3517,-264,1610
-15408,564,-8260,2979,-86,1537
-15500,700,-7752,638,-663,1938
-13924,-156,-5628,-22,376,2122
-11688,304,-6000,-1360,1886,1958
-14244,868,-7544,-1937,1311,926
-16040,1428,-9284,-1891,-722,855
-16788,820,-5960,-1926,572,1724
-16080,1600,-5692,-793,1096,2398
-13652,1148,-6452,-906,368,2563
-13392,1684,-6876,-2006,1510,2780
-15000,1220,-6576,-1429,1263,2906
-14940,2184,-6320,-143,322,2813
-14920,1936,-6588,721,28,2708
-16224,2716,-6760,1827,150,2890
-15840,2908,-6676,2280,869,2807
-15064,2500,-7612,1928,1481,2587
-15224,2660,-8056,1489,-341,1547
-14144,2348,-7200,715,-626,1308
-14544,2044,-6076,799,-461,1089
-14000,2600,-6172,843,23,1025
-14328,2772,-6604,913,37,757
-14192,2972,-6504,894,54,592
-13832,2524,-6636,613,-92,629
-14280,2584,-6176,559,-661,1084
-14300,2864,-6176,667,-695,1430
-14328,2960,-6584,878,-1008,1491
-13228,2780,-5532,1176,-371,1853
-14280,2600,-5528,1879,479,1977
-15008,2684,-6656,2282,384,2338
-15356,2828,-6676,2412,-451,2354
-14876,3128,-6672,2097,-616,2296
-15596,3264,-6600,1800,350,2257
-15792,3120,-6828,1223,140,1982
-14712,2772,-6964,213,-105,1624
-14452,2776,-6800,-396,-221,1080
-14332,2744,-6456,-1005,676,1003
-14940,2772,-6332,-1599,924,1165
-14540,2860,-5444,-1322,334,853
-14860,3004,-5920,-909,46,713
-13816,3084,-6436,-925,-143,503
-13556,3196,-6504,-1548,266,873
-14360,3204,-5608,-1683,694,1022
-14608,3532,-5580,-1619,464,1100
-14640,3684,-5724,-1400,899,1023
-14620,3944,-5716,-1654,897,1015
-14504,4156,-5656,-1897,1059,772
-14164,4724,-6060,-2464,676,209
-14864,4740,-6604,-2509,-20,95
-14432,4688,-6512,-2846,-195,-42
-14156,4652,-6796,-3388,-7,-295
-14196,4720,-7264,-3622,384,-434
-14156,4616,-6792,-3572,20,-572
-13736,4456,-6400,-3371,239,-948
-13840,4440,-7080,-3537,221,-1122
-13632,4316,-6664,-3678,393,-1011
-13576,4456,-6672,-3735,1086,-317
-13924,4208,-6060,-3905,2155,247
-14384,3932,-5192,-3072,1830,450
-13740,4448,-6008,-2788,1897,347
-13816,4356,-6804,-3029,1775,168
-13888,4392,-6596,-3337,1357,44
-14060,4448,-6052,-3485,1182,-37
-14288,4452,-5912,-3307,1635,-51
-14236,4620,-6692,-3146,1963,-152
-14288,4644,-7060,-3329,1505,-483
-14348,4716,-7032,-3457,1460,-578
-14392,4416,-6788,-3519,1208,-715
-14480,4316,-6712,-3211,1026,-766
-14372,4260,-6476,-2853,695,-928
-14216,4052,-6908,-2561,727,-881
-14072,4248,-7496,-2513,636,-795
-14460,3932,-7316,-2577,307,-735
-14820,3852,-6952,-2346,-27,-779
-14756,3768,-6388,-1880,-162,-543
-15236,3684,-6180,-1090,-632,-332
-13992,4156,-6464,-937,-1208,-562
-13340,4204,-6188,-1217,-1038,-676
-12708,4228,-5904,-1159,34,-1148
-13588,4392,-6104,-1048,651,-1111
-14272,4348,-5752,-910,947,-934
-14288,4672,-6000,-750,997,-898
-14340,4884,-6464,-507,1058,-1078
-14400,4740,-6656,-505,984,-1336
-14492,4536,-6276,-500,869,-1446
-14960,4188,-6424,-243,497,-1508
-14220,4152,-6172,-93,24,-1437
-14056,3996,-6224,-77,-83,-1482
-13852,3820,-6068,-91,-421,-1728
-14600,3856,-5732,445,-1618,-1863
-15728,3632,-5344,1395,-3722,-2212
-14928,3984,-5720,1863,-4847,-2629
-14104,3504,-5680,1890,-4433,-2748
-14252,3876,-7116,1251,-4386,-3064
-13196,3684,-7120,-281,-4525,-3919
-14056,3284,-5444,-802,-5624,-3589
-13832,2988,-4628,-928,-4861,-3974
-14708,2392,-4832,-993,-4497,-3835
-14216,2408,-5228,-944,-4120,-3720
-14188,2592,-4976,-1060,-2986,-3431
-14244,2224,-4308,-1027,-510,-2576
-14848,1628,-3648,-800,785,-1808
-14300,1800,-3612,-436,1770,-1709
-15220,1724,-3156,191,2010,-1536
-14684,1672,-3568,1030,2208,-1436
-14680,1896,-4732,762,2696,-1079
-15760,1680,-4004,1093,2993,-816
-16728,2336,-4804,1795,1290,-512
-15140,2024,-3976,1780,681,-57
-15752,1696,-3508,1462,36,954
-18176,2056,-4996,2348,-2191,685
-13588,2260,-2972,2628,340,1320
-16252,1924,-4428,3487,1605,900
-17964,2776,-5976,4212,-1763,959
-17024,2660,-6168,4543,-3508,1918
-14160,2888,-4516,2003,-4365,2074
-12972,2208,-2384,993,-3223,1179
-14608,2716,-1216,1868,32,1297
-16400,2980,-3076,2549,1584,1122
-16204,3692,-5076,1781,427,409
-15168,3036,-5152,978,-107,8
-15084,2300,-3852,411,-267,-55
-15644,2072,-3608,282,82,184
-15348,2660,-3908,-108,-346,359
-14908,2856,-3784,-579,-1106,141
-14488,2556,-3736,-845,-78,-12
-14580,2612,-3896,-1248,667,16
-15064,2500,-3624,-1351,759,146
-14680,2736,-4300,-1589,443,309
-14060,2936,-4472,-1962,636,254
-15200,3012,-4568,-1789,1498,395
-15944,3440,-4340,-2213,1237,651
-15500,3712,-4572,-2293,793,601
-14804,3796,-4784,-2812,337,221
-14648,3716,-4204,-3030,612,-142
-14892,3740,-4400,-3147,1056,-261
-15320,3604,-5160,-3464,989,-80
-15592,3592,-5352,-3688,-41,-59
-14920,3620,-4820,-3865,-682,-174
-14616,3436,-4160,-3842,49,-69
-15040,3236,-3828,-3668,901,286
-15036,2984,-3848,-3374,932,545
-14504,2900,-4120,-3167,348,291
-14712,3048,-4004,-3089,331,50
-15008,2588,-3224,-2699,449,47
-15208,2372,-2960,-2219,450,200
-14672,2452,-3120,-1695,603,274
-15184,2600,-3388,-1422,650,216
-15724,2408,-2904,-1073,677,488
-15532,2336,-2536,-620,795,873
-15400,2128,-2640,-86,910,1197
-15496,2092,-2972,268,237,1321
-15188,2100,-2576,296,-197,1351
-14912,1980,-2460,423,473,1338
-15192,2144,-2556,596,967,1256
-15612,2436,-3188,845,567,1013
-15796,3000,-3128,1090,-217,514
-15468,2944,-2932,1523,-212,79
-15568,2576,-2916,1980,148,59
-16036,2472,-3116,2417,58,468
-15776,2896,-3408,2794,-278,488
-14732,3192,-3352,2813,-501,12
-14668,3104,-3224,3074,-346,-234
-14600,2988,-3432,3458,-850,-726
-14356,3020,-3128,3665,-1183,-1082
-14548,3028,-3556,3953,-1068,-993
-14640,2956,-4120,3796,-892,-1022
-15048,3092,-4324,3477,-972,-857
-15544,3848,-4356,3336,-1034,-331
-15412,4220,-4564,2909,-863,138
-15364,4400,-4520,2249,-806,571
-15024,3960,-3884,1997,-1107,615
-14540,3520,-3280,2111,-690,772
-14596,3668,-3328,2342,216,892
-14968,4056,-3932,2563,204,723
-14920,4024,-3940,2672,31,457
-15180,3880,-4072,2821,-142,278
-15232,3576,-3852,2924,-182,291
-15300,3268,-4304,2973,-395,477
-15088,3060,-4272,2957,-451,805
-14900,3216,-3928,2988,-260,967
-14948,3280,-3868,2980,-118,891
-14836,3304,-4484,2772,35,685
-14832,3160,-4648,2498,-54,413
-14596,3192,-4764,2202,-238,37
-14840,3512,-4932,1929,86,13
-15212,3548,-5292,1625,40,-8
-14884,3684,-5504,1078,408,33
-14276,4084,-5316,602,1368,-53
-14680,4412,-5736,187,2119,-152
-15116,4608,-5796,-122,1832,-224
-14836,4228,-5816,-469,906,-596
-14520,3904,-5292,-753,840,-681
-14588,3216,-5028,-936,916,-503
-14044,3060,-5076,-1217,828,-566
-14032,2916,-5060,-1473,1139,-657
-14264,2760,-5004,-1682,1200,-777
-14588,2624,-4956,-1754,786,-948
-14408,2784,-4788,-1756,605,-1083
-14892,2660,-4688,-1726,891,-954
-14932,2872,-4884,-1692,1045,-795
-14968,3128,-4488,-1641,1112,-782
-15832,3056,-4208,-1312,731,-668
-15368,2784,-4112,-1074,459,-397
-15556,2756,-4016,-879,930,195
-15620,3128,-3832,-628,1068,638
-15244,3288,-3692,-285,513,595
-14624,3228,-3512,123,85,405
-14304,2880,-3632,614,-49,171
-14488,2416,-4228,968,-34,82
-15020,2572,-4652,932,213,105
-16068,2840,-4876,729,124,325
-15992,3528,-4784,462,-303,440
-15640,3804,-4592,83,99,652
-14544,3960,-4356,-92,321,362
-14444,3756,-3964,141,445,105
-14408,4212,-3652,665,135,-149
-14544,3700,-3976,995,168,-214
-14932,3636,-4472,1141,209,-399
-14932,3560,-4640,1064,-171,-484
-14908,3644,-4472,794,-307,-591
-15220,3364,-4612,373,76,-255
-15212,3340,-4592,0,298,-38
-15000,3308,-4628,-398,402,288
-14764,3300,-4120,-647,483,371
-14648,3400,-4124,-624,564,455
-14756,3232,-3900,-542,492,548
-15352,3212,-3796,-237,311,588
-14908,3280,-3800,38,289,533
-15072,3336,-4104,322,249,353
-15268,3308,-4544,262,-36,253
-15220,3532,-4440,180,-179,137
-15152,3544,-4364,147,-79,68
-14984,3660,-4396,68,-138,-4
-14984,3748,-4408,94,-181,-9
-14624,3388,-4292,20,-141,32
-14548,3436,-4184,51,-44,109
-14708,3452,-4128,-34,-253,149
-14648,3524,-3872,-28,12,300
-14892,3636,-4084,68,282,355
-14900,3656,-4428,5,266,418
-14856,3628,-4344,-86,110,361
-14728,3440,-4096,-35,193,380
-14640,3452,-4048,62,327,217
-14780,3748,-4308,128,460,149
-15048,3676,-4380,64,369,1
-14984,3812,-4460,-52,300,-137
-15204,3856,-4452,-97,208,-248
-15120,3804,-4276,-72,273,-170
-14848,3820,-4480,-119,449,-180
-15216,3944,-4508,-343,489,-251
-15244,3952,-4216,-430,200,-304
-14868,3668,-4168,-440,256,-403
-14880,3644,-4288,-597,423,-408
-14956,3708,-4428,-803,224,-370
-14592,3652,-4244,-958,365,-359
-14492,3592,-4184,-1082,446,-378
-14476,3672,-4128,-1178,503,-441
-14736,3444,-4080,-1229,655,-375
-14856,3280,-4204,-1163,585,-202
-14796,3372,-4524,-1232,653,-148
-15072,3416,-4448,-1345,690,-227
-15144,3412,-4284,-1372,723,-219
-15112,3468,-4312,-1349,660,-236
-15128,3504,-4356,-1197,545,-196
-15104,3672,-4292,-1153,567,-213
-15032,3612,-4308,-1071,318,-324
-14932,3508,-4220,-966,277,-354
-15152,3384,-4256,-842,195,-343
-14976,3500,-4200,-843,240,-337
-15096,3572,-4232,-849,117,-390
-14768,3436,-4260,-902,140,-407
-14832,3320,-4480,-961,275,-346
-14744,3268,-4296,-1072,315,-342
-14976,3332,-4244,-1087,419,-289
-15028,3408,-4084,-1090,310,-325
-14968,3452,-4152,-1080,393,-429
-15152,3400,-4336,-995,436,-502
-15068,3408,-4304,-1020,433,-478
-15012,3304,-4116,-1019,286,-535
-15108,3392,-4056,-912,258,-492
-15008,3420,-4188,-832,248,-506
-14960,3364,-4200,-894,357,-495
-15144,3436,-4056,-860,406,-445
-14992,3408,-4180,-831,207,-464
-14740,3376,-3944,-805,209,-414
-14900,3336,-3912,-810,340,-391
-15156,3556,-4100,-776,299,-329
-15160,3528,-4164,-806,318,-338
-14844,3464,-4024,-915,233,-372
-14684,3460,-4152,-995,288,-448
-14916,3496,-4128,-1136,210,-485
-15016,3708,-4080,-1180,419,-418
-14892,3356,-4304,-1217,459,-309
-14924,3328,-4196,-1231,401,-192
-15012,3320,-4016,-1146,469,-84
-15128,3288,-3964,-1065,514,-60
-14824,3156,-4120,-982,365,-192
-14612,2984,-4096,-876,391,-328
-14940,3076,-3972,-833,465,-320
-15256,3280,-4192,-815,360,-331
-15260,3296,-4076,-859,415,-316
-15180,3228,-4028,-857,331,-298
-14928,3236,-4008,-730,412,-237
-14884,3232,-4180,-744,408,-180
-15128,3336,-3896,-681,253,-83
-14840,3352,-4000,-566,348,49
-14856,3300,-4224,-539,470,-5
-14876,3292,-4244,-599,317,-21
-14820,3112,-4020,-651,405,1
-14756,3204,-4268,-634,580,-56
-15108,3264,-4216,-754,494,-85
-15104,3156,-4020,-781,474,-130
-15056,3420,-4136,-743,569,-174
-15192,3536,-4156,-778,460,-193
-15076,3584,-3916,-746,571,-259
-15056,3628,-4240,-660,563,-343
-15188,3532,-4036,-655,363,-416
-15024,3468,-3960,-547,468,-382
-14908,3264,-4068,-456,448,-317
-15052,3336,-4124,-460,335,-275
-14824,3184,-4156,-564,418,-308
-15008,3292,-4232,-555,285,-314
-14900,3332,-4208,-612,389,-318
-14740,3420,-4292,-746,375,-333
